0.000000
0.017165
0.034629
0.020710
0.010742
0.017643
0.025260
0.060774
0.002412
0.001558
0.009497
0.020333
0.000000
0.000000
0.002711
0.000000
0.003132
0.000000
0.000000
0.000636
0.000000
0.000000
0.000000
0.000000
0.001820
0.000000
0.016387
0.000000
0.000000
0.000000
0.000000
0.055666
0.029081
0.003890
0.000865
0.000000
0.000000
0.000000
0.000000
0.000000
0.000000
0.021572
0.019220
0.000000
0.000000
0.000000
0.000000
0.000000
0.000000
0.000000
0.000000
0.000000
0.012078
0.000000
0.009591
0.045604
0.039761
0.000000
0.000000
0.014798
0.000000
0.000000
0.065917
0.004264
0.012602
0.000000
0.000000
0.011804
0.000000
0.000889
0.000000
0.000000
0.000000
0.000000
0.000000
0.003239
0.027537
0.003888
0.004413
0.000000
0.016150
0.000000
0.000000
0.000000
0.000000
0.000000
0.000000
0.000000
0.072478
0.003885
0.006994
0.003828
0.007112
0.000000
0.000000
0.000000
0.000000
0.016419
0.000000
0.000000
0.000000
0.000000
0.000000
0.000000
0.000000
0.001788
0.000000
0.000000
0.000000
0.002106
0.000000
0.000000
0.004488
0.000000
0.001253
0.010657
0.000000
0.000000
0.000000
0.007178
0.066385
0.068896
0.000000
0.000000
0.009680
0.000000
0.004793
0.000000
0.000000
0.036533
0.008587
0.000000
0.000000
0.014525
0.000000
0.000000
0.011826
0.008608
0.000127
0.000000
0.000000
0.000000
0.000000
0.000000
0.000000
0.000000
0.003260
0.000523
0.000000
0.003487
0.009344
0.032833
0.010673
0.003551
0.000000
0.000000
0.000000
0.015220
0.000000
0.011105
0.000000
0.000000
0.000000
0.037667
0.023688
0.013570
0.019362
0.005028
0.018713
0.020861
0.000000
0.000000
0.000000
0.000000
0.000000
0.000000
0.000000
0.003380
0.000000
0.000000
0.000000
0.000000
0.000000
0.008086
0.000000
0.013574
0.017425
0.000000
0.000000
0.000000
0.000000
0.004605
0.006200
0.024795
0.038093
0.018337
0.000000
0.058515
0.009814
0.034372
0.000000
0.000000
0.074803
0.006494
0.047207
0.041228
0.001218
0.009240
0.026987
0.001567
0.000000
0.000000
0.000000
0.000000
0.000000
0.000000
0.000000
0.000000
0.022687
0.017430
0.000000
0.000000
0.000000
0.000000
0.000000
0.000000
0.000000
0.000000
0.018174
0.035510
0.013895
0.000000
0.000000
0.000000
0.001910
0.000000
0.033489
0.010850
0.003052
0.000000
0.010192
0.000000
0.010127
0.000000
0.000000
0.000000
0.000000
0.000000
0.000000
0.000000
0.018975
0.000000
0.000000
0.000000
0.000000
0.000000
0.008502
0.017496
0.000000
0.024666
0.000000
0.000000
0.000000
0.001398
0.000000
0.001597
0.043661
0.021297
0.056190
0.017556
0.000000
0.000000
0.028082
0.000000
0.000000
0.000000
0.000000
0.000000
0.000000
0.000000
0.014638
0.025747
0.000000
0.000000
0.005845
0.062576
0.009167
0.019038
0.000000
0.000000
0.000000
0.006691
0.000000
0.048209
0.000000
0.000000
0.000000
0.000000
0.017226
0.000000
0.000000
0.000000
0.007924
0.000000
0.000000
0.000000
0.017079
0.043517
0.000000
0.000000
0.000000
0.000000
0.000000
0.000000
0.000000
0.050750
0.002455
0.007927
0.060851
0.000000
0.000000
0.000000
0.012101
0.000000
0.000000
0.000000
0.000000
0.000000
0.000000
0.000000
0.000000
0.000000
0.000000
0.000000
0.008301
0.000000
0.000000
0.026299
0.000000
0.000000
0.002783
0.000000
0.005503
0.000000
0.000000
0.000000
0.000000
0.005352
0.000000
0.000000
0.028067
0.000000
0.000000
0.000000
0.000000
0.000000
0.000000
0.017847
0.000000
0.000000
0.003551
0.000000
0.000000
0.000000
0.000000
0.000000
0.000000
0.000000
0.000000
0.000000
0.000000
0.000000
0.053707
0.012150
0.008751
0.057954
0.009079
0.023281
0.031888
0.013590
0.000000
0.000000
0.006184
0.000000
0.000000
0.000000
0.033218
0.008994
0.032623
0.000000
0.000000
0.000000
0.000000
0.000000
0.001548
0.000000
0.000000
0.000000
0.000000
0.013632
0.000000
0.069560
0.000000
0.039546
0.028998
0.031968
0.033781
0.019924
0.010113
0.018267
0.082081
0.007860
0.003295
0.042573
0.000000
0.000000
0.026219
0.033557
0.004911
0.000000
0.006938
0.000000
0.069812
0.025051
0.018861
0.003692
0.000000
0.000000
0.000000
0.000000
0.012972
0.039810
0.030169
0.039776
0.001783
0.000000
0.097437
0.005599
0.016919
0.005218
0.002430
0.015087
0.000000
0.000000
0.000000
0.000000
0.000000
0.000000
0.000000
0.000000
0.000975
0.020979
0.016067
0.000000
0.000000
0.000000
0.000000
0.027555
0.016652
0.017622
0.000000
0.000000
0.001754
0.000000
0.000000
0.006444
0.026931
0.059117
0.043085
0.028624
0.017346
0.016433
0.000000
0.000000
0.000000
0.002317
0.000000
0.000000
0.000000
0.000000
0.010253
0.000000
0.000000
0.032000
0.000000
0.007686
0.000000
0.000000
0.000000
0.024599
0.044544
0.039634
0.002300
0.029460
0.023217
0.002753
0.011073
0.000000
0.000000
0.057576
0.000000
0.000000
0.000000
0.014288
0.037660
0.009807
0.020079
0.000000
0.000000
0.005199
0.006163
0.013247
0.000000
0.000000
0.027350
0.010973
0.026771
0.016333
0.000000
0.023108
0.008369
0.029806
0.014635
0.001820
0.022423
0.000000
0.000000
0.000000
0.000000
0.000000
0.000000
0.000000
0.000000
0.000000
0.000000
0.000000
0.001122
0.030239
0.006000
0.011163
0.004880
0.000000
0.000000
0.000000
0.000000
0.000000
0.000000
0.020006
0.007655
0.000000
0.000000
0.003783
0.000000
0.022634
0.022174
0.000000
0.000000
0.039411
0.034682
0.003287
0.009365
0.045152
0.000000
0.000000
0.000000
0.000000
0.020385
0.022525
0.000000
0.000000
0.000000
0.000000
0.012445
0.000000
0.004417
0.000000
0.000000
0.015414
0.017193
0.015660
0.000035
0.000000
0.017191
0.003411
0.000000
0.000000
0.000000
0.000000
0.000000
0.000000
0.005709
0.000000
0.000932
0.000000
0.023889
0.000000
0.000000
0.000000
0.004243
0.000000
0.000000
0.003950
0.000000
0.000000
0.000000
0.000000
0.000000
0.000000
0.000000
0.000000
0.000000
0.000000
0.000000
0.000000
0.000000
0.000000
0.000000
0.062363
0.000000
0.000000
0.000000
0.031464
0.000000
0.000000
0.000000
0.000000
0.014769
0.038110
0.000000
0.000000
0.000000
0.017975
0.000000
0.000000
0.003126
0.000000
0.000000
0.010564
0.016931
0.000000
0.000000
0.029595
0.003591
0.000000
0.000000
0.000000
0.000000
0.000000
0.000000
0.000000
0.006294
0.016103
0.000000
0.000000
0.000000
0.000000
0.000000
0.000000
0.000000
0.000000
0.006183
0.030341
0.006289
0.000000
0.011912
0.006193
0.000000
0.000000
0.000000
0.000000
0.000000
0.000000
0.029856
0.000000
0.000000
0.016116
0.000000
0.000000
0.032017
0.000000
0.000000
0.000000
0.000000
0.019682
0.000000
0.000000
0.008839
0.000000
0.000000
0.000000
0.000000
0.000000
0.000000
0.000000
0.000000
0.003247
0.008727
0.000000
0.000000
0.000000
0.000000
0.018480
0.000000
0.000000
0.000000
0.000000
0.000000
0.000000
0.000000
0.000000
0.000000
0.000000
0.000000
0.013610
0.000000
0.000000
0.000000
0.000000
0.000000
0.000000
0.000000
0.000000
0.005985
0.000000
0.013225
0.001948
0.001038
0.000000
0.000000
0.000000
0.007861
0.014108
0.000000
0.000000
0.001431
0.001472
0.000000
0.000000
0.000000
0.009892
0.000000
0.000000
0.000000
0.028977
0.000000
0.000000
0.000000
0.000000
0.000000
0.024629
0.000462
0.000000
0.000000
0.000000
0.000000
0.000000
0.000000
0.000000
0.004313
0.004291
0.000000
0.000000
0.000000
0.000000
0.000000
0.000000
0.000000
0.000000
0.100095
0.013124
0.001007
0.030458
0.000000
0.000000
0.000000
0.000000
0.007636
0.000000
0.000000
0.000000
0.019110
0.020845
0.006226
0.000000
0.000000
0.036542
0.033946
0.006864
0.000000
0.000000
0.000000
0.000000
0.000000
0.001242
0.000000
0.000000
0.040767
0.000000
0.056554
0.000000
0.000000
0.019173
0.043424
0.000000
0.000000
0.003066
0.000000
0.000000
0.000000
0.000000
0.000000
0.000683
0.000000
0.011676
0.001918
0.000000
0.000000
0.000000
0.000000
0.000000
0.000000
0.016241
0.030678
0.018514
0.013905
0.013165
0.007301
0.000000
0.014618
0.000000
0.000000
0.052570
0.004102
0.000000
0.000000
0.000000
0.000000
0.000000
0.000000
0.000000
0.000000
0.028440
0.038236
0.004275
0.009723
0.016887
0.000000
0.004737
0.000000
0.000000
0.000000
0.000000
0.000000
0.000000
0.000000
0.000000
0.000000
0.000000
0.000000
0.001348
0.011983
0.000000
0.000000
0.000203
0.008127
0.000067
0.038707
0.000000
0.000000
0.000000
0.000000
0.000000
0.000000
0.000000
0.000000
0.000000
0.000000
0.014777
0.004604
0.000000
0.000000
0.000000
0.036613
0.006943
0.002844
0.001342
0.000000
0.000000
0.000000
0.000000
0.002470
0.000000
0.013292
0.000000
0.000000
0.000000
0.000000
0.022780
0.009681
0.000000
0.000000
0.000045
0.000000
0.000280
0.000000
0.000000
0.000000
0.000000
0.000000
0.030433
0.010508
0.008296
0.000000
0.000000
0.020181
0.000416
0.000000
0.000000
0.000000
0.000000
0.016897
0.000000
0.000000
0.000000
0.000000
0.034145
0.026348
0.000000
0.003256
0.001050
0.043108
0.043847
0.007525
0.036348
0.003426
0.006924
0.000000
0.000000
0.033336
0.000439
0.000000
0.000000
0.000000
0.000000
0.009696
0.000000
0.000000
0.000000
0.046487
0.000354
0.039627
0.000000
0.000000
0.000000
0.000000
0.000000
0.000000
0.000000
0.003971
0.000000
0.000000
0.000000
0.001270
0.000000
0.000000
0.030128
0.010702
0.000000
0.000000
0.000000
0.004099
0.010735
0.035312
0.003553
0.010109
0.000000
0.050544
0.001809
0.003433
0.003639
0.000000
0.000000
0.013600
0.000000
0.000000
0.000000
0.017792
0.034111
0.000000
0.000000
0.000000
0.000000
0.012596
0.000000
0.017531
0.000000
0.000000
0.000000
0.049240
0.004529
0.053882
0.025000
0.000000
0.049938
0.005919
0.000000
0.000000
0.000000
0.000000
0.000000
0.006242
0.033860
0.000000
0.006785
0.000000
0.000000
0.065279
0.023930
0.017054
0.002028
0.005590
0.018322
0.010281
0.000000
0.029594
0.009358
0.000000
0.000000
0.000000
0.042481
0.000000
0.014899
0.039651
0.008198
0.004567
0.000000
0.000000
0.016331
0.000000
0.037366
0.015493
0.017411
0.000000
0.000000
0.000000
0.020068
0.001959
0.000000
0.000000
0.000000
0.000000
0.000000
0.000000
0.000000
0.000000
0.000000
0.061026
0.023386
0.018118
0.006978
0.000000
0.000000
0.000000
0.000000
0.000000
0.000000
0.006063
0.000000
0.000000
0.000000
0.000000
0.000000
0.031892
0.003778
0.026079
0.000000
0.010388
0.029810
0.000000
0.016225
0.000000
0.000000
0.000000
0.000000
0.000000
0.000000
0.000000
0.000000
0.000000
0.000000
0.012910
0.000000
0.000000
0.000000
0.000000
0.000000
0.000000
0.001799
0.006878
0.000000
0.000000
0.000000
0.000000
0.000000
0.030610
0.058529
0.000000
0.000000
0.002467
0.000000
0.000000
0.000000
0.000000
0.000681
0.000000
0.033172
0.005330
0.000532
0.057313
0.011700
0.000000
0.000000
0.000000
0.027002
0.000000
0.007669
0.000000
0.000000
0.000000
0.000000
0.000000
0.000000
0.001067
0.037194
0.000000
0.005961
0.017255
0.003238
0.000000
0.042859
0.000000
0.000000
0.000000
0.000000
0.000000
0.000000
0.000000
0.025668
0.050455
0.000000
0.000000
0.000000
0.010774
0.000000
0.000000
0.000000
0.000000
0.012932
0.003152
0.011560
0.000000
0.000000
0.000000
0.000000
0.003409
0.000078
0.014540
0.003896
0.000000
0.000000
0.000000
0.007189
0.017494
0.000000
0.004390
0.000000
0.029041
0.000000
0.000000
0.035198
0.003600
0.010796
0.000983
0.000000
0.000000
0.000000
0.001106
0.039739
0.026727
0.019278
0.000441
0.008972
0.001219
0.000000
0.005522
0.030069
0.012980
0.031629
0.000000
0.000000
0.000000
0.029245
0.007217
0.032072
0.000833
0.044101
0.000614
0.000000
0.000000
0.000000
0.035807
0.025577
0.030582
0.002712
0.016492
0.000000
0.000000
0.000000
0.042824
0.000000
0.003976
0.000000
0.029533
0.000000
0.035566
0.000000
0.000000
0.000000
0.039913
0.027856
0.023652
0.007933
0.018701
0.021730
0.000000
0.000000
0.000000
0.025472
0.000000
0.004750
0.013121
0.000074
0.000000
0.000847
0.000000
0.000000
0.000000
0.000000
0.013132
0.004398
0.000000
0.000000
0.000000
0.000000
0.009971
0.000000
0.000000
0.000000
0.000000
0.000000
0.000000
0.000000
0.000000
0.006810
0.011129
0.000000
0.000000
0.012965
0.000000
0.000000
0.000000
0.000000
0.018570
0.000000
0.000000
0.000000
0.000000
0.000000
0.000000
0.000000
0.045134
0.000000
0.000000
0.000000
0.000000
0.000000
0.033977
0.026237
0.093455
0.004164
0.005475
0.024619
0.002109
0.001483
0.013139
0.000000
0.000000
0.031362
0.000000
0.000000
0.001756
0.000000
0.000000
0.000000
0.000000
0.000000
0.000000
0.000000
0.006313
0.000336
0.000000
0.000000
0.030852
0.025697
0.004624
0.000000
0.022794
0.000000
0.000000
0.000000
0.000000
0.015356
0.000000
0.016509
0.000000
0.000000
0.000000
0.000000
0.000000
0.000000
0.000000
0.000000
0.000000
0.000000
0.000000
0.000000
0.000000
0.000000
0.000000
0.000000
0.000000
0.003974
0.013113
0.000000
0.000000
0.000000
0.005899
0.001481
0.000000
0.000000
0.000000
0.000000
0.010387
0.000000
0.000000
0.004808
0.011954
0.000000
0.013989
0.000000
0.000000
0.000000
0.000000
0.008253
0.007887
0.037286
0.000000
0.000000
0.000155
0.028153
0.016224
0.012511
0.023842
0.053616
0.004061
0.000000
0.000000
0.000000
0.000000
0.000000
0.020803
0.005344
0.011906
0.000000
0.007166
0.017512
0.028944
0.005774
0.013961
0.027271
0.000000
0.000000
0.012964
0.000000
0.000000
0.018978
0.002393
0.000000
0.000000
0.025187
0.024807
0.026723
0.061285
0.056656
0.000000
0.000000
0.001531
0.019930
0.000000
0.009718
0.000000
0.000000
0.000000
0.032967
0.019422
0.000000
0.027277
0.000000
0.000000
0.000000
0.000000
0.000000
0.009808
0.006483
0.000000
0.000000
0.044023
0.026952
0.010764
0.027381
0.021581
0.000000
0.000000
0.000000
0.000000
0.000000
0.000000
0.000000
0.000000
0.000000
0.000000
0.002431
0.000000
0.000000
0.000000
0.005724
0.000000
0.000000
0.008034
0.007331
0.000000
0.065573
0.013617
0.008510
0.015131
0.000000
0.000000
0.008013
0.000000
0.000000
0.018096
0.002502
0.004076
0.000000
0.000000
0.000000
0.000000
0.021131
0.001921
0.013749
0.005019
0.000000
0.000000
0.000000
0.000000
0.000000
0.018233
0.014601
0.020181
0.001824
0.000000
0.000000
0.000000
0.036373
0.000000
0.059537
0.027898
0.000301
0.002992
0.000000
0.000000
0.000000
0.000000
0.001289
0.011533
0.003062
0.000000
0.008100
0.000940
0.003071
0.000000
0.000000
0.000000
0.000000
0.000000
0.000000
0.025916
0.001428
0.000000
0.000000
0.000000
0.000000
0.004825
0.000000
0.012023
0.000000
0.000000
0.000000
0.013849
0.000000
0.026416
0.000000
0.000000
0.000000
0.000000
0.016171
0.010395
0.008453
0.000000
0.039351
0.001294
0.000000
0.000000
0.007999
0.000000
0.011171
0.000000
0.000000
0.000000
0.000000
0.026128
0.015237
0.000000
0.000000
0.000000
0.026509
0.000000
0.000000
0.000000
0.003242
0.000000
0.000000
0.000000
0.000000
0.000000
0.000000
0.019380
0.019136
0.000893
0.000000
0.000000
0.002510
0.005430
0.009009
0.000519
0.000000
0.004970
0.000000
0.066065
0.025283
0.022735
0.000000
0.000000
0.000000
0.000000
0.000000
0.000000
0.005804
0.000000
0.000000
0.004704
0.024903
0.000000
0.000000
0.000000
0.000000
0.000000
0.000000
0.000000
0.005067
0.000000
0.000000
0.000000
0.033403
0.030667
0.008168
0.039976
0.002337
0.028622
0.019034
0.029126
0.000000
0.000000
0.014771
0.000000
0.000000
0.000579
0.000000
0.000000
0.035620
0.016302
0.033850
0.029954
0.005939
0.000000
0.000000
0.000000
0.001204
0.033169
0.000000
0.000115
0.000000
0.001433
0.000000
0.000000
0.000000
0.000000
0.000000
0.000000
0.000000
0.022287
0.021810
0.039023
0.001458
0.000000
0.033931
0.026221
0.000000
0.004536
0.007422
0.000534
0.000000
0.000000
0.000000
0.003884
0.000000
0.000000
0.031280
0.004566
0.000089
0.001858
0.000000
0.006111
0.000000
0.009130
0.012749
0.012877
0.014936
0.033389
0.001081
0.038171
0.000000
0.010346
0.003853
0.000000
0.000000
0.000000
0.000000
0.000000
0.000000
0.019251
0.046537
0.025064
0.000000
0.000000
0.000000
0.000000
0.000000
0.000000
0.000000
0.000000
0.000000
0.017304
0.008193
0.000000
0.001840
0.003357
0.002886
0.009143
0.000000
0.000000
0.000133
0.000000
0.042056
0.010302
0.012822
0.003569
0.017085
0.000436
0.000000
0.011298
0.000000
0.005700
0.000000
0.000000
0.000000
0.013130
0.000000
0.000000
0.000000
0.000000
0.000000
0.000000
0.000000
0.000000
0.000000
0.000000
0.000000
0.008550
0.000000
0.000000
0.000000
0.000000
0.013217
0.000000
0.000000
0.002893
0.066120
0.014659
0.013523
0.000000
0.000000
0.097788
0.003365
0.000585
0.023566
0.000083
0.000000
0.000000
0.003346
0.000000
0.000000
0.000000
0.000000
0.012512
0.005469
0.002999
0.000000
0.009027
0.000000
0.000000
0.000000
0.000000
0.000000
0.000000
0.000000
0.000000
0.000000
0.000000
0.000000
0.000000
0.000000
0.000000
0.000000
0.000000
0.006947
0.000000
0.000000
0.000000
0.016137
0.054611
0.000000
0.011832
0.000000
0.000000
0.002305
0.000000
0.005543
0.000000
0.000000
0.000000
0.000000
0.035252
0.000000
0.000000
0.000000
0.005456
0.000000
0.003324
0.000000
0.000000
0.000000
0.002058
0.000000
0.000000
0.000000
0.000000
0.000000
0.000000
0.024811
0.000000
0.000422
0.000000
0.000000
0.000000
0.000000
0.000000
0.001673
0.024614
0.000000
0.000000
0.000000
0.000000
0.002682
0.000609
0.000000
0.000000
0.000000
0.000000
0.000000
0.011810
0.000000
0.000000
0.000000
0.000000
0.000000
0.001289
0.000000
0.007829
0.000000
0.000000
0.000000
0.004623
0.021717
0.002984
0.000000
0.000000
0.000000
0.000000
0.000000
0.000000
0.000000
0.008062
0.003221
0.000000
0.011633
0.011361
0.016029
0.008513
0.000525
0.042744
0.002639
0.000000
0.002606
0.007225
0.000000
0.000000
0.000000
0.000000
0.000000
0.000000
0.029365
0.020234
0.035181
0.003063
0.000000
0.000000
0.000000
0.000000
0.000000
0.000000
0.000000
0.001705
0.000000
0.001208
0.000000
0.000000
0.000000
0.001179
0.000000
0.000000
0.000000
0.046134
0.012862
0.000000
0.000000
0.000000
0.000000
0.000000
0.000000
0.000000
0.000000
0.000000
0.016357
0.000000
0.016637
0.000000
0.000000
0.000000
0.002076
0.000000
0.000000
0.000000
0.000000
0.000000
0.002405
0.052632
0.015252
0.039935
0.000000
0.000000
0.000000
0.000000
0.000000
0.000000
0.000000
0.000000
0.000000
0.000459
0.000000
0.024512
0.055712
0.002884
0.000000
0.000000
0.000000
0.000000
0.000000
0.006096
0.006662
0.000000
0.000000
0.000000
0.000000
0.010115
0.000000
0.000000
0.004715
0.000000
0.001833
0.010657
0.000000
0.019939
0.000000
0.000000
0.000000
0.000000
0.000000
0.011110
0.000000
0.012795
0.004406
0.000000
0.000000
0.000000
0.022559
0.000000
0.000000
0.000000
0.024909
0.018556
0.000000
0.000000
0.000000
0.000000
0.000000
0.000000
0.000000
0.011401
0.000000
0.088472
0.007731
0.001985
0.016078
0.014745
0.000000
0.000000
0.000000
0.000000
0.000000
0.027879
0.000000
0.000000
0.000000
0.000730
0.013267
0.021993
0.000000
0.000000
0.000000
0.000000
0.000000
0.052447
0.045033
0.000131
0.000000
0.000000
0.000000
0.000000
0.000000
0.000000
0.004856
0.000000
0.000000
0.000000
0.000000
0.000000
0.000000
0.015371
0.000000
0.000000
0.000000
0.000000
0.017399
0.000000
0.002690
0.011853
0.000000
0.000000
0.001814
0.000000
0.031384
0.000000
0.003348
0.000000
0.006117
0.015104
0.031671
0.048138
0.004492
0.068133
0.050484
0.033437
0.017287
0.002616
0.000000
0.000000
0.000000
0.000000
0.000000
0.000000
0.000000
0.001345
0.000000
0.000000
0.000000
0.000000
0.001140
0.003772
0.015478
0.000000
0.007484
0.000000
0.000000
0.000000
0.000000
0.026962
0.000000
0.000000
0.000000
0.006042
0.000000
0.000000
0.000000
0.000000
0.000000
0.000000
0.000000
0.000000
0.000000
0.000479
0.012266
0.019410
0.015197
0.000000
0.000000
0.000000
0.000000
0.000000
0.002110
0.000000
0.017747
0.000000
0.000000
0.000000
0.000000
0.000000
0.026157
0.010515
0.031685
0.000000
0.000000
0.000679
0.003670
0.000000
0.000000
0.013376
0.005639
0.000000
0.015173
0.013039
0.000000
0.000000
0.018147
0.138479
0.010807
0.018360
0.031152
0.005431
0.004869
0.000000
0.000000
0.028737
0.000000
0.040699
0.010377
0.016329
0.000000
0.029739
0.026254
0.008676
0.011281
0.009105
0.000000
0.000000
0.000000
0.017588
0.027618
0.003178
0.000000
0.000000
0.000000
0.020965
0.000000
0.000000
0.000000
0.020904
0.005675
0.014276
0.000000
0.000000
0.000000
0.000000
0.000000
0.000000
0.000000
0.002839
0.000000
0.000000
0.000000
0.000000
0.000000
0.000000
0.000000
0.000000
0.000000
0.001953
0.000000
0.000000
0.000000
0.000000
0.000000
0.003428
0.025211
0.049578
0.050772
0.000000
0.000000
0.000000
0.000000
0.011799
0.061543
0.016627
0.000000
0.040618
0.015922
0.011810
0.000000
0.000000
0.000000
0.000000
0.000000
0.000000
0.000000
0.009246
0.000000
0.000000
0.018706
0.000000
0.000000
0.015340
0.000000
0.000000
0.000000
0.002920
0.000000
0.000000
0.000000
0.000000
0.000000
0.000000
0.000000
0.000000
0.000000
0.000000
0.000000
0.000000
0.022514
0.000000
0.010541
0.013847
0.000000
0.000000
0.002894
0.000000
0.043062
0.018311
0.000000
0.000000
0.000000
0.000000
0.014205
0.000000
0.000000
0.000000
0.029134
0.007113
0.000000
0.000178
0.000000
0.000000
0.000000
0.000000
0.000000
0.000000
0.000000
0.000000
0.003834
0.000000
0.000000
0.000000
0.000000
0.000000
0.000000
0.000000
0.000000
0.000000
0.000000
0.011002
0.000000
0.014729
0.000000
0.063659
0.000585
0.012761
0.021164
0.018352
0.020528
0.009063
0.000000
0.000000
0.000000
0.000000
0.001412
0.000965
0.000000
0.011341
0.000000
0.001831
0.032041
0.000000
0.000000
0.000000
0.000000
0.000000
0.000000
0.000000
0.000000
0.000000
0.004412
0.000000
0.000000
0.006461
0.014266
0.016078
0.000000
0.034131
0.000395
0.017232
0.000000
0.000000
0.000000
0.000000
0.000000
0.023561
0.024685
0.000000
0.000000
0.000000
0.000000
0.000000
0.001500
0.000000
0.000000
0.000000
0.000000
0.000000
0.000000
0.000000
0.031585
0.036182
0.030914
0.003220
0.022096
0.000000
0.000000
0.009246
0.047775
0.000000
0.000000
0.000000
0.000000
0.000350
0.000000
0.068199
0.002641
0.000501
0.000000
0.000000
0.001651
0.000000
0.000000
0.000000
0.000000
0.033810
0.000000
0.009204
0.012584
0.000000
0.000000
0.000000
0.042596
0.014620
0.000000
0.000000
0.000000
0.000000
0.000000
0.005070
0.000000
0.000000
0.000000
0.024822
0.000000
0.000000
0.001917
0.018817
0.047036
0.032753
0.021893
0.000000
0.001079
0.000000
0.009148
0.012275
0.010014
0.003439
0.006549
0.000000
0.000000
0.000000
0.000000
0.000000
0.000000
0.010821
0.000000
0.000000
0.000000
0.000000
0.000000
0.000000
0.004739
0.031959
0.043119
0.000847
0.003723
0.021456
0.000000
0.000000
0.035781
0.001146
0.000000
0.022564
0.034957
0.028657
0.001935
0.000000
0.000000
0.025290
0.000000
0.000000
0.000000
0.005223
0.006944
0.020993
0.005595
0.000000
0.021365
0.016613
0.010052
0.004431
0.000000
0.008054
0.000000
0.000000
0.000000
0.000000
0.024866
0.000000
0.000000
0.000000
0.000000
0.021789
0.042524
0.004352
0.003766
0.004976
0.000000
0.000000
0.000000
0.000000
0.000000
0.000000
0.000000
0.000000
0.000000
0.003055
0.013218
0.021300
0.014103
0.001349
0.000000
0.010822
0.000000
0.000000
0.000000
0.000000
0.011012
0.000000
0.000000
0.000000
0.000354
0.004437
0.001782
0.020063
0.000000
0.000000
0.030676
0.014497
0.000000
0.000000
0.000000
0.000000
0.060136
0.001349
0.029059
0.000000
0.000000
0.000000
0.000000
0.000000
0.016658
0.003894
0.034723
0.008685
0.019400
0.014407
0.000000
0.000000
0.000000
0.043677
0.003942
0.000385
0.010418
0.000000
0.008615
0.000000
0.000000
0.000000
0.000000
0.042963
0.000000
0.000000
0.000000
0.000000
0.000000
0.000000
0.008852
0.006642
0.009964
0.029521
0.001021
0.004175
0.000000
0.013693
0.019398
0.000000
0.000000
0.000000
0.000000
0.016382
0.010961
0.010309
0.015501
0.016050
0.009477
0.004527
0.024453
0.010887
0.000000
0.000000
0.000000
0.013789
0.015483
0.022261
0.002360
0.000000
0.000000
0.008960
0.000000
0.000000
0.000000
0.000000
0.007368
0.000000
0.000000
0.000000
0.000000
0.000000
0.000000
0.000000
0.000000
0.011528
0.000000
0.000000
0.000000
0.000000
0.000000
0.000000
0.000000
0.000000
0.000000
0.000000
0.024099
0.017410
0.002510
0.000000
0.000000
0.000612
0.000000
0.000000
0.045364
0.028342
0.012232
0.000000
0.000000
0.000000
0.000000
0.000000
0.000000
0.000000
0.000000
0.000000
0.008029
0.000000
0.027621
0.006202
0.027149
0.000000
0.000000
0.000000
0.000000
0.000000
0.000000
0.000000
0.000000
0.008209
0.021960
0.000000
0.013795
0.015049
0.018746
0.000000
0.007410
0.000000
0.000000
0.000000
0.028462
0.022054
0.002561
0.015408
0.000000
0.000000
0.000000
0.000000
0.062975
0.000000
0.000000
0.000000
0.000000
0.000000
0.000000
0.004415
0.003062
0.000000
0.000000
0.012437
0.040989
0.067638
0.036918
0.009692
0.021625
0.012250
0.024436
0.001143
0.032087
0.000000
0.000000
0.000014
0.000000
0.016708
0.002716
0.013730
0.042561
0.023906
0.000000
0.000000
0.000000
0.028904
0.006766
0.026392
0.031008
0.001210
0.000000
0.000000
0.000000
0.000000
0.000000
0.000000
0.000000
0.000000
0.005347
0.000000
0.000000
0.000000
0.000000
0.001090
0.018354
0.004851
0.000000
0.000000
0.008098
0.006065
0.000000
0.000000
0.000000
0.003012
0.000000
0.029617
0.001399
0.000000
0.000000
0.000000
0.000000
0.000000
0.014979
0.000000
0.000000
0.000000
0.000000
0.000000
0.000000
0.000000
0.000000
0.000000
0.000000
0.000000
0.000000
0.000000
0.000000
0.000000
0.000000
0.000000
0.000247
0.023008
0.002207
0.007303
0.050736
0.022961
0.033968
0.000000
0.000000
0.000000
0.000000
0.000000
0.000000
0.004631
0.000000
0.000000
0.000000
0.003460
0.000000
0.000000
0.000000
0.000000
0.000000
0.000000
0.034216
0.005539
0.000000
0.021217
0.002076
0.000000
0.000000
0.000000
0.000000
0.033405
0.030209
0.007338
0.026035
0.016840
0.031017
0.014137
0.000000
0.000000
0.000000
0.008290
0.000998
0.000000
0.000000
0.000000
0.000000
0.000000
0.007664
0.000000
0.000000
0.000000
0.031120
0.133549
0.024325
0.008265
0.017650
0.011389
0.005444
0.010448
0.006612
0.055400
0.000400
0.017452
0.010670
0.003302
0.000000
0.000000
0.000000
0.000000
0.000000
0.000000
0.000000
0.000000
0.000000
0.003002
0.000000
0.000000
0.024797
0.000000
0.000000
0.005331
0.000000
0.000000
0.000000
0.000000
0.013234
0.002648
0.000000
0.000000
0.019618
0.000972
0.000000
0.011176
0.007658
0.000000
0.038580
0.010084
0.019741
0.003436
0.000000
0.000000
0.000000
0.000000
0.000386
0.000000
0.009694
0.000000
0.000000
0.000000
0.000000
0.000000
0.000000
0.000000
0.000000
0.000000
0.000000
0.027674
0.020356
0.000696
0.006122
0.000000
0.000000
0.000000
0.000000
0.000000
0.000000
0.000000
0.068627
0.020398
0.004247
0.005741
0.026944
0.000000
0.000000
0.008148
0.039512
0.002084
0.025138
0.012175
0.000000
0.001718
0.000000
0.001006
0.001139
0.000000
0.000000
0.023387
0.005703
0.003532
0.021303
0.013992
0.001004
0.017213
0.002493
0.000000
0.000000
0.000000
0.013005
0.008046
0.000000
0.000000
0.000000
0.000000
0.000000
0.000000
0.000000
0.000000
0.000000
0.000000
0.003196
0.000000
0.000000
0.000000
0.000000
0.000000
0.000000
0.007552
0.049521
0.017127
0.000000
0.000000
0.000000
0.000000
0.000000
0.003690
0.021151
0.011126
0.000000
0.000000
0.007238
0.000000
0.000000
0.000000
0.000000
0.000000
0.000000
0.008321
0.000000
0.013435
0.071872
0.006267
0.000000
0.000000
0.045361
0.000147
0.000000
0.000000
0.000000
0.062786
0.019427
0.003745
0.000000
0.000000
0.000000
0.000000
0.000000
0.000000
0.000000
0.000000
0.000000
0.007979
0.000000
0.000000
0.000000
0.002890
0.000000
0.000000
0.000000
0.000000
0.000000
0.000000
0.000000
0.002191
0.000000
0.000000
0.000000
0.000000
0.000000
0.000000
0.017995
0.000000
0.000000
0.000000
0.001146
0.000000
0.025031
0.000000
0.000000
0.000000
0.000000
0.000135
0.000000
0.000000
0.000000
0.000000
0.000000
0.000000
0.000000
0.000000
0.000000
0.000000
0.000000
0.014162
0.000000
0.000000
0.000000
0.000000
0.000000
0.000000
0.027565
0.000000
0.000000
0.000000
0.000000
0.005469
0.002721
0.000000
0.000000
0.000000
0.030646
0.000000
0.000000
0.000000
0.000000
0.004838
0.000000
0.000000
0.000000
0.000541
0.000000
0.000000
0.008707
0.000000
0.000000
0.000000
0.000000
0.018769
0.008880
0.016404
0.000000
0.000000
0.000000
0.000000
0.000000
0.000000
0.014140
0.002978
0.000000
0.000000
0.000000
0.000000
0.000000
0.000000
0.000000
0.000000
0.033370
0.000935
0.032911
0.013700
0.020930
0.008879
0.000000
0.000000
0.000000
0.000000
0.008933
0.000600
0.029775
0.012338
0.000000
0.000000
0.084778
0.100959
0.001414
0.012189
0.004338
0.056413
0.035746
0.015078
0.020094
0.072895
0.070821
0.000935
0.013116
0.015961
0.000000
0.008401
0.045538
0.000000
0.000000
0.000000
0.000000
0.000000
0.000000
0.000000
0.000000
0.000000
0.000000
0.000000
0.050210
0.033104
0.016864
0.002036
0.006613
0.036211
0.011582
0.001430
0.006982
0.004183
0.009941
0.020780
0.000000
0.000000
0.000000
0.000000
0.000000
0.000000
0.000000
0.000000
0.000000
0.000000
0.000000
0.022638
0.034911
0.027580
0.000453
0.004906
0.003290
0.043336
0.000000
0.019517
0.000000
0.026107
0.000000
0.000000
0.002759
0.000000
0.000000
0.000000
0.000000
0.000000
0.000000
0.022779
0.024872
0.001683
0.047799
0.000000
0.000000
0.000000
0.040602
0.000000
0.038301
0.000000
0.001033
0.013569
0.000000
0.066244
0.011012
0.048039
0.015086
0.000159
0.001903
0.000000
0.000000
0.000000
0.000000
0.000000
0.018227
0.000000
0.018384
0.000000
0.000000
0.000000
0.003742
0.000000
0.013190
0.007684
0.000000
0.038920
0.045890
0.018100
0.012764
0.000000
0.000000
0.004294
0.014686
0.010052
0.000000
0.055293
0.000000
0.000000
0.000000
0.000000
0.000000
0.092803
0.000000
0.018885
0.011100
0.070586
0.036445
0.007956
0.008676
0.002307
0.000000
0.004278
0.000000
0.007521
0.005194
0.012526
0.025785
0.000000
0.000000
0.000000
0.000000
0.000000
0.000000
0.000000
0.000000
0.000000
0.000000
0.000000
0.000000
0.000000
0.000000
0.000000
0.000000
0.000000
0.000000
0.026118
0.017685
0.044326
0.057471
0.016085
0.038480
0.001097
0.000000
0.015073
0.023582
0.000000
0.015273
0.000000
0.000000
0.000000
0.018340
0.018277
0.000000
0.000000
0.000000
0.099137
0.014631
0.006304
0.035627
0.000000
0.000000
0.000000
0.018980
0.001416
0.000000
0.022759
0.021307
0.026487
0.010785
0.032694
0.000398
0.000000
0.002216
0.004608
0.000000
0.000000
0.012243
0.000000
0.000000
0.000000
0.000000
0.023889
0.000000
0.035605
0.000000
0.000000
0.000000
0.000000
0.000000
0.000000
0.000000
0.006854
0.022437
0.010664
0.000000
0.000000
0.000000
0.032611
0.008259
0.000000
0.000000
0.000000
0.000000
0.000000
0.000000
0.000000
0.017870
0.000000
0.000000
0.023988
0.000000
0.018622
0.000000
0.000149
0.000000
0.007600
0.000000
0.000000
0.000000
0.000000
0.000000
0.000000
0.010669
0.003301
0.001485
0.000186
0.000000
0.000000
0.000000
0.009436
0.000000
0.025416
0.000000
0.000000
0.000000
0.000000
0.000000
0.000000
0.000000
0.000000
0.020994
0.013669
0.000000
0.000000
0.014446
0.004774
0.000000
0.000000
0.000000
0.000000
0.080947
0.059130
0.000000
0.015668
0.018578
0.021590
0.011327
0.016113
0.000000
0.000000
0.000000
0.038077
0.002273
0.039545
0.005202
0.000000
0.000000
0.044487
0.002306
0.014729
0.000000
0.000000
0.000000
0.000000
0.027309
0.025791
0.000000
0.000000
0.000000
0.000000
0.000000
0.012095
0.001264
0.002616
0.000000
0.000000
0.000000
0.000000
0.000000
0.007510
0.000000
0.029813
0.002856
0.022481
0.046166
0.004553
0.000000
0.000000
0.004042
0.000000
0.003249
0.002175
0.000000
0.000000
0.000000
0.000000
0.000000
0.000000
0.000000
0.000000
0.004600
0.000000
0.000000
0.000000
0.008320
0.000000
0.000000
0.000000
0.000000
0.000000
0.000000
0.000000
0.000000
0.000000
0.014675
0.000000
0.000000
0.000000
0.024394
0.040187
0.026710
0.017911
0.037485
0.020374
0.004125
0.005056
0.019446
0.025681
0.021075
0.007951
0.000165
0.059496
0.020652
0.008908
0.005941
0.000000
0.000000
0.000000
0.017241
0.000000
0.000000
0.000000
0.000000
0.004633
0.005460
0.000000
0.000535
0.000000
0.000000
0.000000
0.000000
0.013366
0.056131
0.002534
0.004529
0.000000
0.000000
0.000000
0.000000
0.002205
0.000000
0.000000
0.000000
0.000000
0.000000
0.000000
0.000000
0.012276
0.000000
0.000000
0.019360
0.000000
0.002902
0.000000
0.017117
0.026867
0.000000
0.000000
0.000000
0.000000
0.006938
0.004440
0.000000
0.000000
0.000000
0.035596
0.004073
0.014217
0.000000
0.030893
0.000000
0.000000
0.000000
0.000940
0.000000
0.000000
0.000000
0.000000
0.019600
0.005097
0.017533
0.000000
0.000000
0.000000
0.000000
0.000000
0.000000
0.006807
0.002665
0.001260
0.004260
0.000000
0.000000
0.000000
0.000000
0.000000
0.000000
0.000000
0.000000
0.000000
0.000000
0.000000
0.011531
0.000000
0.000000
0.027009
0.022570
0.000000
0.000000
0.000000
0.000000
0.004497
0.000000
0.003147
0.000000
0.000000
0.000000
0.000000
0.000000
0.000000
0.000000
0.000000
0.000000
0.000677
0.000000
0.000000
0.009829
0.021072
0.009074
0.005096
0.000000
0.028036
0.029129
0.000000
0.000000
0.000000
0.011963
0.000000
0.000000
0.024097
0.004375
0.000000
0.019524
0.002145
0.000000
0.001720
0.053575
0.037805
0.023821
0.013689
0.019383
0.004419
0.000000
0.065059
0.014565
0.013597
0.005188
0.000000
0.026788
0.003442
0.003665
0.015424
0.000000
0.014839
0.010002
0.000000
0.000000
0.000000
0.000000
0.000900
0.000000
0.020166
0.000000
0.000000
0.000000
0.000000
0.000000
0.000000
0.000000
0.000000
0.000000
0.000000
0.000000
0.000000
0.001839
0.000000
0.000000
0.000000
0.015935
0.000000
0.008186
0.009190
0.000000
0.000000
0.000000
0.000000
0.000000
0.023327
0.000000
0.000000
0.000000
0.006093
0.000000
0.000000
0.011505
0.000000
0.002864
0.000000
0.000000
0.002153
0.000000
0.000000
0.003097
0.000000
0.030457
0.015515
0.003174
0.040643
0.045491
0.013296
0.034801
0.013070
0.000000
0.000618
0.000000
0.000000
0.000000
0.000000
0.000000
0.026818
0.043699
0.016389
0.008742
0.000000
0.000000
0.092608
0.060176
0.032279
0.000000
0.000000
0.000000
0.000000
0.000000
0.000000
0.000000
0.000000
0.000000
0.003322
0.000000
0.000000
0.000000
0.000000
0.010105
0.003192
0.000000
0.000000
0.000839
0.000000
0.010909
0.041479
0.009092
0.000000
0.000000
0.000000
0.000000
0.000940
0.000000
0.000000
0.000000
0.011492
0.000000
0.000000
0.018549
0.000000
0.000000
0.000000
0.000000
0.020218
0.000000
0.000000
0.000919
0.010839
0.004076
0.000000
0.000000
0.000000
0.049260
0.000000
0.004005
0.000000
0.000000
0.000000
0.000000
0.041871
0.048720
0.014031
0.000000
0.005379
0.000000
0.000000
0.013663
0.000000
0.000000
0.000000
0.001285
0.011109
0.001526
0.011664
0.001315
0.000000
0.000000
0.000000
0.001924
0.000000
0.000000
0.000000
0.000000
0.000000
0.033472
0.015953
0.056799
0.015858
0.036353
0.000188
0.008719
0.002653
0.000000
0.000000
0.000000
0.000000
0.000000
0.000000
0.000000
0.000000
0.000000
0.000000
0.000000
0.057104
0.009947
0.000000
0.000000
0.000609
0.001260
0.002019
0.000000
0.000000
0.000000
0.000000
0.014393
0.000000
0.000000
0.000000
0.010648
0.055644
0.030774
0.006652
0.014822
0.016863
0.019707
0.000000
0.016912
0.010083
0.000000
0.000000
0.000000
0.006811
0.082968
0.000000
0.000000
0.000678
0.000000
0.000000
0.000000
0.000000
0.000000
0.000000
0.000000
0.000000
0.000000
0.000000
0.000000
0.008897
0.000000
0.000000
0.000000
0.000000
0.004887
0.000119
0.000000
0.035615
0.005022
0.027327
0.012594
0.000705
0.000000
0.022236
0.000000
0.000000
0.000000
0.027497
0.000000
0.000000
0.000000
0.000000
0.000000
0.000000
0.000000
0.000000
0.000000
0.000000
0.110694
0.009370
0.008836
0.024079
0.060761
0.005997
0.093797
0.000000
0.002208
0.000000
0.000000
0.000000
0.055620
0.007958
0.000000
0.002484
0.000000
0.000000
0.043106
0.000000
0.000000
0.016529
0.001639
0.000000
0.000000
0.000000
0.000000
0.000000
0.000000
0.000000
0.000000
0.000000
0.022550
0.000000
0.000000
0.000000
0.000000
0.000000
0.000000
0.000000
0.000000
0.000000
0.001984
0.000000
0.000000
0.000000
0.000000
0.000000
0.036892
0.018840
0.001232
0.022402
0.017335
0.000000
0.000000
0.000000
0.000000
0.002300
0.000000
0.000000
0.000000
0.049024
0.026152
0.003499
0.000000
0.000000
0.000000
0.000000
0.000000
0.077392
0.026281
0.020284
0.003920
0.004142
0.012856
0.003993
0.022569
0.011958
0.000000
0.000000
0.000000
0.000000
0.012146
0.038044
0.000000
0.028010
0.006138
0.023074
0.000000
0.000000
0.000000
0.000000
0.018681
0.074352
0.004866
0.000000
0.000000
0.000000
0.000000
0.006767
0.000000
0.000000
0.000000
0.000000
0.008164
0.000000
0.000000
0.000000
0.000000
0.000000
0.000000
0.000000
0.007354
0.043351
0.000000
0.000000
0.000000
0.000000
0.000000
0.017178
0.004764
0.060678
0.026250
0.038269
0.011264
0.040220
0.005233
0.013891
0.055259
0.085985
0.010220
0.017470
0.036939
0.023922
0.016458
0.000000
0.000000
0.000000
0.000000
0.000000
0.000000
0.016003
0.000000
0.000000
0.031034
0.000000
0.000000
0.000000
0.000000
0.000000
0.000000
0.000685
0.000000
0.028327
0.000000
0.000000
0.000000
0.033556
0.009763
0.000000
0.000518
0.000000
0.000000
0.016867
0.000000
0.000000
0.000000
0.000000
0.000000
0.013016
0.000000
0.000000
0.000000
0.000000
0.000000
0.000000
0.000000
0.000000
0.000000
0.000000
0.000000
0.000000
0.041239
0.008066
0.001962
0.011688
0.040297
0.002742
0.000000
0.000632
0.000000
0.000000
0.000000
0.000000
0.000000
0.000000
0.000000
0.002043
0.000000
0.000000
0.000000
0.000000
0.022709
0.015411
0.000966
0.006099
0.000000
0.000000
0.022792
0.008048
0.000000
0.000000
0.002218
0.001340
0.000000
0.000000
0.011438
0.064237
0.023318
0.015298
0.055870
0.000000
0.000000
0.000000
0.000000
0.000000
0.000000
0.000000
0.000000
0.000000
0.000000
0.035151
0.031167
0.005345
0.000000
0.000000
0.000000
0.000000
0.000000
0.000000
0.000000
0.000000
0.031041
0.015127
0.000878
0.000000
0.000000
0.000000
0.009689
0.000000
0.000000
0.052392
0.044920
0.000000
0.000000
0.002766
0.000000
0.000000
0.000000
0.011001
0.018397
0.000000
0.000000
0.043996
0.029907
0.019512
0.000000
0.000000
0.000000
0.004392
0.000000
0.000000
0.024413
0.006624
0.005281
0.000000
0.017495
0.000000
0.000000
0.000000
0.048673
0.005444
0.000000
0.000000
0.012604
0.000000
0.000000
0.017407
0.005511
0.000000
0.000000
0.000000
0.000000
0.004213
0.016780
0.024954
0.001979
0.000000
0.001508
0.013135
0.007206
0.009369
0.000000
0.000000
0.000000
0.000000
0.011052
0.007706
0.000421
0.000000
0.000000
0.000000
0.000000
0.000000
0.015223
0.043614
0.010340
0.010390
0.025669
0.000000
0.000000
0.000000
0.013814
0.000000
0.000000
0.000000
0.000000
0.000000
0.000000
0.000000
0.000000
0.000000
0.023028
0.000000
0.017429
0.022534
0.026598
0.000000
0.000000
0.000000
0.000000
0.000000
0.000000
0.000000
0.000000
0.005522
0.000000
0.000000
0.011135
0.050863
0.016511
0.002123
0.009329
0.009101
0.029025
0.005871
0.014532
0.000000
0.001193
0.000480
0.000000
0.000000
0.000000
0.018269
0.006697
0.004454
0.016044
0.000000
0.002172
0.000000
0.015725
0.000000
0.000000
0.000000
0.000000
0.057679
0.029365
0.000000
0.000000
0.019790
0.000000
0.000000
0.000000
0.030412
0.000000
0.000000
0.000000
0.000000
0.000000
0.000000
0.000000
0.000000
0.000000
0.000000
0.000000
0.000000
0.033818
0.005472
0.000000
0.000000
0.000000
0.038073
0.000000
0.000000
0.000000
0.000000
0.000000
0.015997
0.000000
0.000000
0.000000
0.013613
0.022633
0.015760
0.002186
0.000000
0.000000
0.000000
0.000000
0.000000
0.000000
0.027566
0.000000
0.000000
0.000000
0.000000
0.007392
0.094800
0.000834
0.007242
0.000000
0.000000
0.000000
0.000836
0.000000
0.000000
0.064907
0.000000
0.013134
0.022068
0.018441
0.014513
0.017595
0.031244
0.009528
0.000000
0.000000
0.000000
0.000000
0.000000
0.012496
0.000000
0.000000
0.018660
0.010786
0.060744
0.034754
0.009915
0.000000
0.000000
0.020502
0.000000
0.000000
0.000000
0.007609
0.000000
0.000000
0.000000
0.000000
0.032466
0.003531
0.018996
0.000000
0.000000
0.001207
0.000000
0.000000
0.000000
0.000000
0.000000
0.000000
0.000000
0.000000
0.000000
0.000000
0.021592
0.045121
0.007188
0.000000
0.012886
0.000000
0.005327
0.000000
0.007891
0.000000
0.000000
0.009921
0.000000
0.000000
0.000000
0.021929
0.025057
0.000000
0.000000
0.000000
0.000000
0.023561
0.000000
0.000000
0.000000
0.000000
0.000000
0.000000
0.000000
0.000000
0.000000
0.025897
0.000000
0.000000
0.000000
0.000000
0.000000
0.000000
0.013941
0.001319
0.022973
0.018085
0.000000
0.000000
0.000000
0.008524
0.020265
0.021426
0.000000
0.000000
0.007253
0.056574
0.000000
0.010257
0.000000
0.000000
0.000000
0.000000
0.000000
0.000000
0.000000
0.000000
0.006205
0.000000
0.000000
0.000000
0.000000
0.000000
0.000000
0.000000
0.000000
0.000000
0.000000
0.014242
0.000000
0.000000
0.000000
0.000000
0.000000
0.000000
0.000000
0.000000
0.000000
0.056393
0.005796
0.000771
0.000000
0.000000
0.000000
0.000000
0.000000
0.025085
0.000000
0.000000
0.000000
0.000000
0.000000
0.000000
0.002336
0.000000
0.007181
0.000000
0.000000
0.000000
0.002973
0.000000
0.000000
0.000000
0.028733
0.033070
0.048367
0.001936
0.006155
0.029679
0.005435
0.008672
0.000000
0.010756
0.074542
0.068873
0.000329
0.007767
0.038383
0.003709
0.005374
0.040117
0.001043
0.009517
0.000000
0.029703
0.000000
0.000000
0.000000
0.000000
0.000000
0.000000
0.018834
0.000000
0.007684
0.000000
0.038930
0.010031
0.018130
0.094903
0.009756
0.012381
0.005519
0.003999
0.037577
0.011702
0.000000
0.000000
0.001497
0.033094
0.006072
0.000000
0.000000
0.028488
0.000000
0.002119
0.011655
0.000000
0.000000
0.057247
0.008566
0.000000
0.011324
0.000000
0.000000
0.000000
0.000000
0.017827
0.004268
0.000000
0.011541
0.000000
0.000000
0.002026
0.000000
0.000000
0.000000
0.076174
0.013052
0.003170
0.010746
0.000000
0.000000
0.000000
0.000000
0.000000
0.000000
0.000000
0.000000
0.000000
0.000000
0.000000
0.000000
0.000000
0.000000
0.000000
0.000000
0.000000
0.000000
0.000000
0.004771
0.000000
0.000000
0.000000
0.000000
0.000000
0.000000
0.078732
0.002397
0.036367
0.001031
0.018700
0.006575
0.000000
0.000000
0.065502
0.000000
0.038468
0.033833
0.003585
0.000000
0.000000
0.002719
0.000000
0.000000
0.001608
0.000000
0.000000
0.000000
0.000000
0.014843
0.000000
0.000000
0.000000
0.041170
0.005182
0.011499
0.000000
0.008193
0.048727
0.008907
0.052440
0.005203
0.000090
0.037022
0.002283
0.056100
0.000000
0.000000
0.000000
0.013251
0.000000
0.011286
0.023637
0.005033
0.070670
0.026225
0.023888
0.015073
0.034397
0.001560
0.050165
0.037863
0.032754
0.003121
0.013111
0.000000
0.000000
0.000000
0.000000
0.000000
0.000000
0.000000
0.001822
0.000000
0.000000
0.000000
0.000000
0.000000
0.000000
0.000000
0.010121
0.000000
0.000000
0.000000
0.007648
0.000000
0.000000
0.000000
0.002088
0.019690
0.054359
0.033796
0.013234
0.014066
0.018061
0.064242
0.005588
0.034206
0.023624
0.026393
0.000000
0.000000
0.031535
0.000000
0.000000
0.000000
0.009615
0.047186
0.046424
0.004827
0.002477
0.023131
0.002665
0.000000
0.000000
0.000000
0.000000
0.000000
0.000000
0.000000
0.000000
0.000000
0.000000
0.000970
0.000000
0.000000
0.000000
0.000000
0.000000
0.016232
0.025932
0.006445
0.000000
0.000000
0.024601
0.002010
0.000000
0.000000
0.041075
0.000000
0.000000
0.004137
0.035665
0.007327
0.006465
0.035106
0.011474
0.002714
0.022916
0.000252
0.026250
0.009264
0.000000
0.000000
0.000000
0.000000
0.010569
0.003625
0.000000
0.000000
0.000000
0.000000
0.018409
0.000000
0.000000
0.000000
0.052876
0.003539
0.016020
0.000000
0.000000
0.000000
0.000000
0.033139
0.015184
0.038611
0.005418
0.020379
0.023760
0.008216
0.021081
0.000000
0.000000
0.000000
0.000000
0.000000
0.000000
0.000000
0.119861
0.032403
0.052593
0.005338
0.000628
0.000000
0.016218
0.000000
0.000000
0.000000
0.000000
0.000000
0.000000
0.048390
0.002271
0.000000
0.000000
0.000000
0.023945
0.031004
0.000000
0.000000
0.000000
0.000000
0.019531
0.000000
0.000000
0.000000
0.000000
0.000000
0.000000
0.000000
0.000000
0.000000
0.000000
0.000000
0.000000
0.030008
0.034827
0.041166
0.025710
0.012323
0.003777
0.027917
0.000017
0.000000
0.000000
0.010771
0.000000
0.000000
0.000000
0.000000
0.000181
0.000000
0.000000
0.000000
0.000000
0.000000
0.036381
0.000200
0.008777
0.002779
0.012114
0.000000
0.000000
0.000000
0.000000
0.020428
0.043904
0.000000
0.000000
0.000000
0.000000
0.004418
0.000000
0.000000
0.000000
0.000000
0.016018
0.000000
0.000000
0.000000
0.008883
0.019881
0.014195
0.007011
0.002060
0.000000
0.000000
0.000000
0.004747
0.000000
0.000000
0.000000
0.000000
0.000000
0.000000
0.000000
0.000000
0.000000
0.002433
0.000000
0.000000
0.000000
0.018804
0.000000
0.000000
0.007919
0.007764
0.052840
0.017260
0.002921
0.000000
0.000000
0.000000
0.000000
0.000000
0.000000
0.000000
0.000000
0.000000
0.017138
0.000000
0.000000
0.000000
0.000000
0.011694
0.011272
0.014699
0.004191
0.000000
0.000000
0.000000
0.000000
0.000000
0.000000
0.000000
0.000000
0.000000
0.002504
0.097721
0.035526
0.002797
0.004118
0.051966
0.036235
0.022323
0.012371
0.000000
0.014105
0.000000
0.000000
0.000000
0.000000
0.000000
0.008214
0.007746
0.000000
0.000000
0.000000
0.006465
0.000000
0.000000
0.022029
0.048271
0.007714
0.023380
0.000000
0.000000
0.000000
0.000000
0.013362
0.011503
0.003553
0.000000
0.079446
0.018065
0.033471
0.010833
0.003018
0.058812
0.009757
0.000000
0.006542
0.008650
0.000000
0.000000
0.000000
0.000000
0.000000
0.000000
0.033293
0.006813
0.008419
0.010670
0.000000
0.000000
0.000000
0.000000
0.000000
0.026014
0.003730
0.000000
0.000000
0.000000
0.000000
0.000000
0.023607
0.002298
0.000000
0.000000
0.000000
0.000000
0.000000
0.000000
0.000000
0.000000
0.008286
0.000000
0.000000
0.000000
0.000000
0.091822
0.008226
0.003964
0.059217
0.000000
0.000000
0.000000
0.005689
0.002190
0.007126
0.000000
0.000000
0.000000
0.000000
0.000000
0.000000
0.000000
0.000000
0.000795
0.000000
0.013578
0.005468
0.041980
0.001726
0.000000
0.000000
0.000000
0.011113
0.000000
0.003057
0.000000
0.000000
0.000000
0.008785
0.015433
0.000032
0.000000
0.039644
0.000000
0.000000
0.002428
0.000000
0.000000
0.022148
0.013178
0.030218
0.005856
0.000000
0.000000
0.000000
0.000102
0.000000
0.000000
0.000000
0.005021
0.000000
0.000000
0.000000
0.018725
0.000000
0.007747
0.013830
0.000000
0.000000
0.006173
0.001749
0.000382
0.007367
0.000000
0.019625
0.000000
0.000000
0.000000
0.000000
0.000665
0.000000
0.030104
0.002403
0.014770
0.003765
0.000000
0.000000
0.018074
0.000000
0.000000
0.009723
0.000000
0.004147
0.011343
0.051602
0.000000
0.000000
0.000000
0.000000
0.000000
0.031752
0.000103
0.023055
0.003811
0.000000
0.000000
0.008333
0.000000
0.000000
0.052523
0.002261
0.000000
0.000000
0.000000
0.000000
0.047863
0.005488
0.004842
0.001713
0.012465
0.002410
0.008657
0.000000
0.000000
0.000000
0.012880
0.000000
0.015272
0.000000
0.046926
0.000000
0.000000
0.000000
0.027440
0.000000
0.000000
0.000000
0.000000
0.011700
0.000000
0.000000
0.000000
0.000000
0.000000
0.018428
0.000000
0.000000
0.005686
0.000000
0.000000
0.015499
0.004598
0.000000
0.000000
0.004837
0.000000
0.000000
0.000000
0.000000
0.000000
0.000000
0.000000
0.006366
0.000000
0.008701
0.000000
0.000000
0.000000
0.000000
0.000000
0.000000
0.000000
0.000000
0.008964
0.006943
0.011063
0.041809
0.008215
0.000000
0.000000
0.000000
0.000000
0.004021
0.010409
0.000000
0.001627
0.000000
0.000000
0.000000
0.000000
0.000000
0.000000
0.000000
0.000000
0.000000
0.016918
0.002192
0.000000
0.000000
0.069264
0.052112
0.035800
0.020848
0.008487
0.003170
0.000000
0.000000
0.000000
0.000000
0.000000
0.000000
0.000000
0.001630
0.000000
0.003863
0.023757
0.000000
0.000000
0.008040
0.000000
0.000000
0.000000
0.000000
0.000000
0.000000
0.000000
0.000000
0.000000
0.000000
0.017307
0.005182
0.000718
0.000000
0.000000
0.000000
0.022601
0.001985
0.007158
0.101960
0.002661
0.000000
0.029814
0.006667
0.000000
0.000000
0.000000
0.000000
0.000000
0.000000
0.000000
0.000000
0.000000
0.000000
0.000000
0.000000
0.025883
0.002909
0.000000
0.000000
0.000000
0.000000
0.000000
0.009840
0.000000
0.010732
0.000000
0.041910
0.020109
0.045322
0.015363
0.003220
0.049687
0.003224
0.016770
0.002403
0.000000
0.000000
0.000000
0.001337
0.088566
0.007542
0.001152
0.009331
0.031107
0.007689
0.000000
0.010325
0.039715
0.012184
0.056951
0.010446
0.088341
0.002374
0.029685
0.022212
0.000334
0.039735
0.002238
0.027466
0.016995
0.000000
0.000000
0.000000
0.000000
0.000000
0.010031
0.000528
0.000000
0.000000
0.000000
0.000000
0.000000
0.000000
0.000000
0.000000
0.000000
0.000000
0.010753
0.054837
0.027104
0.001279
0.000000
0.000000
0.000000
0.019492
0.000000
0.000000
0.000000
0.000000
0.000000
0.000000
0.000000
0.000000
0.000000
0.000000
0.000000
0.000000
0.000000
0.000000
0.017685
0.000000
0.029289
0.033991
0.046623
0.072390
0.018816
0.074500
0.004313
0.009629
0.015445
0.026648
0.013385
0.005190
0.038542
0.001122
0.013597
0.015563
0.000000
0.010711
0.000000
0.006724
0.000028
0.000000
0.000000
0.006886
0.000000
0.000000
0.010987
0.000000
0.000000
0.000000
0.025360
0.004386
0.016893
0.000000
0.027728
0.012315
0.055207
0.000000
0.000000
0.024348
0.008039
0.015400
0.000000
0.000000
0.000000
0.024413
0.033457
0.011250
0.004758
0.006601
0.027322
0.051035
0.023612
0.040870
0.000000
0.008249
0.000000
0.000000
0.000000
0.000000
0.000000
0.030284
0.023127
0.000900
0.048019
0.002195
0.008570
0.000000
0.000000
0.000000
0.000000
0.000000
0.000000
0.000000
0.000000
0.000000
0.000000
0.015742
0.020514
0.040736
0.007888
0.000000
0.000000
0.000000
0.016546
0.000000
0.007908
0.020218
0.037602
0.000000
0.000000
0.000000
0.000000
0.016485
0.000000
0.000000
0.013562
0.007295
0.000000
0.000000
0.001118
0.016036
0.000000
0.008161
0.000000
0.054510
0.000178
0.015359
0.000000
0.000000
0.000000
0.000000
0.034429
0.000337
0.000000
0.000000
0.000000
0.000000
0.016162
0.000000
0.000000
0.000000
0.051993
0.031025
0.010059
0.000000
0.000000
0.000000
0.001972
0.000000
0.000000
0.000000
0.032584
0.000000
0.000000
0.000000
0.000000
0.000000
0.000000
0.000000
0.000000
0.000000
0.000000
0.000000
0.000000
0.000000
0.020919
0.011652
0.025006
0.005656
0.000000
0.000000
0.000000
0.003579
0.000000
0.000000
0.000000
0.000000
0.000000
0.000000
0.010139
0.000000
0.000000
0.076162
0.000000
0.009354
0.000000
0.011843
0.032449
0.024689
0.088071
0.008887
0.007792
0.019766
0.035855
0.000000
0.000000
0.000000
0.000000
0.017586
0.077265
0.011065
0.031536
0.039837
0.063466
0.040325
0.017458
0.021693
0.000000
0.036513
0.002538
0.000000
0.000000
0.000000
0.007807
0.000000
0.000000
0.000000
0.000000
0.000000
0.000000
0.000000
0.000000
0.000000
0.000000
0.023259
0.007864
0.020832
0.054200
0.019504
0.008863
0.000000
0.000000
0.046214
0.014423
0.000000
0.001817
0.022641
0.008610
0.045282
0.003245
0.000000
0.000000
0.002209
0.003646
0.000000
0.000000
0.002566
0.027302
0.011078
0.000000
0.000000
0.002678
0.000000
0.000000
0.000000
0.000000
0.000000
0.000000
0.000000
0.000000
0.000000
0.000000
0.000000
0.000000
0.000000
0.000000
0.000000
0.003181
0.000000
0.000000
0.000000
0.000000
0.000000
0.004144
0.000000
0.000000
0.000000
0.000000
0.015981
0.045375
0.007182
0.000000
0.000000
0.002562
0.000000
0.018280
0.000000
0.000000
0.016964
0.018232
0.009006
0.000000
0.000000
0.000000
0.000000
0.000000
0.000000
0.078218
0.004397
0.009318
0.011889
0.006662
0.000000
0.029226
0.000000
0.001594
0.000000
0.000000
0.000000
0.000000
0.000656
0.000000
0.000000
0.000000
0.000000
0.020360
0.112135
0.000837
0.006303
0.007095
0.007404
0.002554
0.000000
0.041702
0.030126
0.027868
0.011391
0.028083
0.015769
0.010616
0.012476
0.000573
0.000000
0.021763
0.000000
0.000000
0.000000
0.000000
0.000000
0.000000
0.000000
0.045918
0.007949
0.036071
0.000361
0.011076
0.012843
0.063814
0.008206
0.010336
0.008321
0.007948
0.036190
0.000471
0.011978
0.017192
0.008357
0.000000
0.000000
0.000000
0.000000
0.000000
0.000000
0.000000
0.000000
0.000000
0.001062
0.035093
0.016077
0.000000
0.000000
0.027443
0.016466
0.017038
0.007510
0.000000
0.026544
0.063219
0.096314
0.006176
0.024674
0.037777
0.018440
0.059587
0.002666
0.003586
0.000000
0.000000
0.021388
0.000000
0.000000
0.000000
0.000000
0.000000
0.026440
0.011794
0.000099
0.000000
0.000811
0.018200
0.000000
0.000000
0.000000
0.000000
0.077520
0.002227
0.031939
0.000000
0.000000
0.000000
0.005211
0.000000
0.033566
0.012424
0.000000
0.000000
0.000000
0.000000
0.000000
0.000000
0.000000
0.000000
0.000000
0.000000
0.001972
0.000000
0.044220
0.000000
0.000000
0.000000
0.000000
0.004289
0.000000
0.000000
0.000000
0.000000
0.000000
0.000000
0.000000
0.000000
0.000000
0.000000
0.000000
0.037717
0.008440
0.000000
0.000000
0.000000
0.026301
0.020276
0.003842
0.003701
0.000000
0.000000
0.000000
0.000000
0.000000
0.000000
0.000000
0.000000
0.000000
0.000000
0.000000
0.000000
0.001976
0.008342
0.005408
0.000000
0.000000
0.000000
0.000000
0.000000
0.000000
0.011610
0.000000
0.000000
0.000403
0.000000
0.000000
0.000000
0.000000
0.023642
0.006437
0.006870
0.004920
0.018788
0.023840
0.000000
0.000000
0.000000
0.000000
0.000000
0.000000
0.000000
0.000000
0.000000
0.000000
0.000000
0.000000
0.000000
0.000000
0.027031
0.016297
0.018184
0.013288
0.011847
0.005376
0.006494
0.013681
0.000000
0.000000
0.000000
0.000000
0.011557
0.011540
0.018409
0.000000
0.000000
0.002244
0.000000
0.025890
0.000000
0.000000
0.013641
0.000000
0.030104
0.000000
0.000000
0.004411
0.000000
0.000000
0.001960
0.027419
0.023303
0.008406
0.028084
0.009963
0.000000
0.000000
0.000000
0.000000
0.000000
0.000000
0.000000
0.000000
0.000000
0.000000
0.000000
0.029200
0.049805
0.012577
0.015560
0.088998
0.041928
0.010614
0.000000
0.000000
0.000000
0.016868
0.007503
0.019802
0.055156
0.033265
0.011441
0.000000
0.000000
0.000000
0.037238
0.002157
0.000000
0.010298
0.010745
0.000000
0.000000
0.000000
0.000000
0.000000
0.011157
0.006669
0.027621
0.050855
0.021313
0.020842
0.047788
0.013280
0.025927
0.051200
0.039961
0.039234
0.007627
0.002414
0.024559
0.000000
0.003500
0.010780
0.000000
0.000000
0.036823
0.021546
0.008516
0.000000
0.000000
0.000000
0.008428
0.000679
0.000000
0.013098
0.006080
0.000000
0.000000
0.000000
0.000000
0.000000
0.000000
0.012582
0.003908
0.025590
0.027779
0.000000
0.023855
0.000000
0.013009
0.000000
0.000000
0.001413
0.000000
0.000000
0.000000
0.000000
0.006136
0.039584
0.027338
0.000000
0.006355
0.011523
0.003481
0.042992
0.038347
0.002753
0.000000
0.025439
0.013032
0.000000
0.000000
0.067041
0.000000
0.000000
0.035244
0.003185
0.000000
0.000000
0.000000
0.000483
0.000000
0.000000
0.000000
0.000000
0.000000
0.005127
0.000000
0.016458
0.000000
0.000000
0.000000
0.000000
0.000000
0.012871
0.001848
0.000000
0.000000
0.047321
0.003170
0.020393
0.016029
0.012636
0.028350
0.005971
0.000000
0.000000
0.000000
0.000000
0.000000
0.029140
0.039358
0.000000
0.000000
0.000000
0.000000
0.000000
0.056578
0.016831
0.086492
0.018611
0.036352
0.000000
0.000000
0.000000
0.013181
0.076058
0.000000
0.008849
0.048730
0.003678
0.025615
0.000000
0.012709
0.003717
0.000000
0.008489
0.000000
0.000000
0.000000
0.000000
0.000000
0.000000
0.020632
0.000000
0.043389
0.000000
0.000000
0.000000
0.002245
0.000263
0.000000
0.000000
0.004936
0.000000
0.004531
0.000000
0.000000
0.000000
0.004936
0.009488
0.006713
0.000000
0.000000
0.006694
0.000000
0.000000
0.039675
0.011198
0.000000
0.000000
0.000315
0.000000
0.025132
0.000000
0.044738
0.002916
0.022694
0.045222
0.003226
0.027080
0.000000
0.000000
0.000000
0.000000
0.000000
0.000000
0.000000
0.000000
0.000000
0.000000
0.045646
0.039254
0.001001
0.010731
0.002796
0.048260
0.000000
0.000000
0.000000
0.000000
0.054823
0.001968
0.000000
0.000000
0.000000
0.006565
0.034016
0.000000
0.000000
0.000000
0.018240
0.016687
0.054793
0.000000
0.000000
0.000000
0.000000
0.000000
0.000000
0.000000
0.000000
0.000000
0.019588
0.000000
0.000000
0.000000
0.000000
0.000000
0.043774
0.004838
0.000000
0.000000
0.000000
0.000000
0.000000
0.023886
0.016035
0.068120
0.000000
0.008224
0.000000
0.015059
0.000000
0.000000
0.000000
0.000000
0.000000
0.005826
0.000000
0.000000
0.000000
0.000000
0.000000
0.129548
0.020875
0.000474
0.002534
0.014277
0.000000
0.000000
0.000000
0.033157
0.036823
0.022738
0.012353
0.016342
0.003128
0.022844
0.034229
0.022966
0.022125
0.031055
0.018709
0.013443
0.009526
0.029652
0.003881
0.079246
0.005098
0.015297
0.004259
0.004523
0.011633
0.034933
0.046776
0.045470
0.004577
0.002005
0.020699
0.001774
0.000000
0.011317
0.032208
0.000000
0.000000
0.000000
0.001445
0.000000
0.000000
0.000000
0.000000
0.000000
0.001695
0.000000
0.000000
0.155443
0.021462
0.001546
0.000000
0.000000
0.000000
0.000000
0.000000
0.000000
0.000000
0.000000
0.040076
0.025450
0.013800
0.000000
0.000000
0.000000
0.000000
0.000000
0.000000
0.039565
0.000000
0.000000
0.022509
0.002056
0.000000
0.000000
0.000000
0.018967
0.000000
0.000000
0.018106
0.008082
0.000000
0.000000
0.000000
0.010616
0.000000
0.007090
0.000000
0.000000
0.000000
0.024129
0.003678
0.015834
0.000000
0.000000
0.006755
0.038366
0.000000
0.000000
0.000000
0.000000
0.000000
0.000000
0.000000
0.033077
0.007622
0.000000
0.000000
0.000000
0.078489
0.000029
0.003057
0.000000
0.059096
0.028971
0.001999
0.014706
0.007933
0.003916
0.000680
0.000000
0.000000
0.000000
0.000000
0.012005
0.000000
0.000000
0.000000
0.000000
0.056085
0.074532
0.007986
0.005271
0.008324
0.055273
0.011947
0.006610
0.015114
0.019650
0.000000
0.023303
0.059001
0.008253
0.000000
0.000000
0.000000
0.002209
0.009342
0.008092
0.000000
0.000000
0.000000
0.000000
0.002060
0.013952
0.000000
0.000000
0.007161
0.000000
0.000000
0.000000
0.000000
0.000000
0.014315
0.000000
0.020439
0.000000
0.000000
0.007773
0.012705
0.043671
0.109750
0.038705
0.005565
0.022075
0.034450
0.033083
0.009975
0.000427
0.010895
0.010630
0.019090
0.000000
0.048661
0.001306
0.000000
0.000000
0.000000
0.000000
0.090531
0.018125
0.028426
0.002280
0.021372
0.000825
0.003205
0.000000
0.000000
0.012078
0.000000
0.000000
0.018932
0.027626
0.045890
0.000000
0.000000
0.000000
0.000000
0.000000
0.000000
0.012101
0.002080
0.008579
0.005499
0.000000
0.000000
0.000000
0.000000
0.000000
0.039269
0.010029
0.000000
0.000000
0.000000
0.005716
0.000000
0.000000
0.000000
0.000000
0.000000
0.021066
0.000000
0.000000
0.011821
0.022894
0.000514
0.000000
0.028063
0.000000
0.026638
0.011417
0.000000
0.000000
0.000000
0.000000
0.003325
0.000000
0.000000
0.000000
0.002400
0.040525
0.004797
0.000000
0.000000
0.017898
0.000000
0.032581
0.010535
0.003467
0.000000
0.000000
0.000000
0.000000
0.000000
0.000000
0.000000
0.000000
0.000000
0.000000
0.011700
0.018363
0.016098
0.035103
0.043609
0.030905
0.024424
0.002095
0.001926
0.019085
0.000000
0.053327
0.000000
0.000000
0.000000
0.000000
0.014306
0.000000
0.000000
0.000000
0.000000
0.000000
0.005446
0.019708
0.018883
0.061316
0.001482
0.030585
0.002714
0.016505
0.006530
0.013384
0.010122
0.000000
0.028289
0.009333
0.008152
0.000000
0.000000
0.001298
0.000000
0.000000
0.000000
0.000000
0.000000
0.000000
0.026033
0.000000
0.000000
0.000000
0.000000
0.000000
0.000000
0.000000
0.004699
0.012884
0.079173
0.011498
0.038982
0.002696
0.052749
0.010787
0.000000
0.000000
0.000000
0.023607
0.000000
0.000000
0.000000
0.000000
0.000000
0.000000
0.000000
0.003682
0.004034
0.015467
0.018463
0.023345
0.000000
0.000000
0.000000
0.031808
0.050968
0.005808
0.004065
0.028414
0.048850
0.014888
0.000000
0.029393
0.000000
0.000000
0.000000
0.000000
0.000000
0.000000
0.000000
0.000000
0.028158
0.005695
0.000000
0.003651
0.000000
0.001224
0.009879
0.040095
0.018002
0.027243
0.000000
0.000000
0.000000
0.000000
0.000000
0.000000
0.011349
0.026912
0.012737
0.002133
0.000000
0.000000
0.005742
0.000000
0.000000
0.000000
0.000000
0.004943
0.000000
0.000000
0.004407
0.000000
0.029408
0.000000
0.000000
0.039651
0.004028
0.000000
0.029789
0.000000
0.023704
0.000054
0.000000
0.000000
0.000000
0.000000
0.000000
0.006509
0.085203
0.006960
0.056311
0.047674
0.070033
0.016042
0.020138
0.000000
0.029300
0.022145
0.000000
0.000000
0.000000
0.000000
0.000000
0.000000
0.000000
0.022095
0.000000
0.000000
0.000000
0.000000
0.000000
0.000000
0.000000
0.000000
0.000000
0.005097
0.000000
0.000000
0.014384
0.025591
0.019995
0.000000
0.000000
0.003536
0.000000
0.000000
0.000000
0.035551
0.000000
0.000000
0.000000
0.003438
0.000000
0.000000
0.000000
0.000000
0.009503
0.000000
0.000899
0.000000
0.000000
0.046113
0.000000
0.000000
0.000000
0.000000
0.000000
0.005131
0.012213
0.023766
0.000000
0.000000
0.000000
0.000000
0.006424
0.031580
0.006138
0.000000
0.000000
0.000000
0.000000
0.000000
0.000000
0.000000
0.005545
0.000368
0.032780
0.000000
0.000000
0.000000
0.000000
0.001207
0.000000
0.000000
0.000000
0.000000
0.003721
0.000000
0.000000
0.044935
0.000000
0.018088
0.013932
0.000000
0.000000
0.000000
0.000000
0.000000
0.014919
0.001945
0.000000
0.000000
0.000000
0.000000
0.000000
0.038328
0.007768
0.000000
0.000000
0.000000
0.000000
0.000000
0.000000
0.000000
0.029394
0.000000
0.000000
0.035793
0.001688
0.037605
0.010018
0.022609
0.012414
0.017664
0.006961
0.009025
0.013240
0.017482
0.000000
0.000000
0.000000
0.000000
0.000000
0.027029
0.000000
0.000058
0.005087
0.009329
0.000000
0.000000
0.000000
0.006450
0.009285
0.000000
0.000000
0.000000
0.000000
0.005826
0.000000
0.059083
0.023829
0.022463
0.024095
0.001235
0.041597
0.027587
0.017389
0.000000
0.000000
0.007949
0.002366
0.000000
0.000000
0.000000
0.000000
0.000000
0.000000
0.036872
0.017986
0.061806
0.005242
0.000000
0.016845
0.000000
0.000000
0.010806
0.000000
0.000000
0.001462
0.014085
0.000000
0.000000
0.000000
0.000000
0.000000
0.011481
0.000000
0.000000
0.019136
0.005215
0.000000
0.000000
0.000000
0.000000
0.000000
0.000000
0.000000
0.114626
0.007001
0.040111
0.012856
0.000738
0.000000
0.000000
0.000000
0.000000
0.000000
0.000000
0.000000
0.000000
0.000000
0.003168
0.000000
0.000000
0.000000
0.004156
0.000000
0.000000
0.007043
0.045160
0.019724
0.000000
0.000000
0.000000
0.000000
0.000000
0.002527
0.000000
0.000000
0.000000
0.000000
0.043120
0.008401
0.001403
0.000000
0.000000
0.000000
0.000000
0.000000
0.000000
0.000000
0.000000
0.013748
0.000000
0.024050
0.026663
0.000000
0.000000
0.019335
0.000000
0.000000
0.000000
0.000000
0.031763
0.001099
0.000209
0.000000
0.000000
0.000000
0.000000
0.000000
0.000000
0.019164
0.025360
0.022387
0.013664
0.034494
0.009583
0.000000
0.010636
0.000000
0.000000
0.000000
0.000000
0.000000
0.000000
0.033612
0.000000
0.000000
0.007744
0.000000
0.007539
0.000000
0.020516
0.014490
0.000000
0.000000
0.000000
0.000000
0.000000
0.000000
0.049679
0.000670
0.036584
0.032653
0.004972
0.000000
0.032595
0.001426
0.000000
0.000000
0.000000
0.000000
0.000000
0.013609
0.000000
0.000000
0.000601
0.005446
0.004746
0.001528
0.000000
0.000000
0.000000
0.000000
0.000000
0.000000
0.000000
0.000000
0.054283
0.073829
0.009229
0.013109
0.013985
0.018933
0.001762
0.033922
0.004298
0.000000
0.000000
0.000000
0.000000
0.033988
0.000000
0.000000
0.000000
0.000000
0.004567
0.000000
0.046361
0.023500
0.000855
0.036580
0.025255
0.024127
0.022082
0.019483
0.020127
0.000000
0.000000
0.008489
0.025475
0.000000
0.000000
0.000000
0.034419
0.009371
0.030442
0.006245
0.012466
0.000000
0.000000
0.000000
0.000000
0.041346
0.043547
0.009928
0.008127
0.000000
0.008296
0.000000
0.000000
0.000000
0.000000
0.000000
0.000000
0.005854
0.000000
0.003634
0.000000
0.000000
0.000000
0.000000
0.000000
0.008468
0.009848
0.003866
0.000000
0.000000
0.000000
0.000000
0.000000
0.010428
0.011450
0.045071
0.008278
0.059174
0.014775
0.019755
0.000135
0.004246
0.000000
0.000000
0.000000
0.000000
0.040309
0.096208
0.000499
0.004488
0.000671
0.006851
0.013560
0.007704
0.000000
0.000000
0.000000
0.000000
0.000000
0.000000
0.000000
0.007379
0.012068
0.048105
0.000000
0.000000
0.000000
0.000000
0.000000
0.000000
0.051179
0.002702
0.009569
0.000000
0.000000
0.014748
0.000000
0.022376
0.000000
0.000000
0.022611
0.000000
0.000000
0.000000
0.000000
0.025453
0.000990
0.000000
0.009407
0.016221
0.000000
0.008753
0.040733
0.064143
0.034436
0.007649
0.011300
0.000000
0.000000
0.000000
0.000000
0.000000
0.000000
0.000000
0.000000
0.008287
0.012408
0.022238
0.032007
0.000000
0.000000
0.065594
0.000000
0.000000
0.000000
0.029870
0.036846
0.108119
0.005614
0.016070
0.002493
0.016493
0.009099
0.000000
0.000000
0.023136
0.000000
0.000000
0.005243
0.042055
0.003532
0.093960
0.010351
0.017071
0.027886
0.006021
0.000000
0.022356
0.051766
0.008600
0.028182
0.000000
0.000000
0.000000
0.000000
0.000000
0.000000
0.000000
0.000000
0.000000
0.000000
0.006003
0.000000
0.000000
0.016045
0.051159
0.011166
0.000000
0.000000
0.000000
0.000000
0.000000
0.000000
0.000000
0.000000
0.000000
0.000000
0.000000
0.000000
0.000000
0.000000
0.010376
0.040610
0.012913
0.000372
0.020171
0.000000
0.021303
0.003742
0.085846
0.007205
0.147882
0.002866
0.035668
0.032970
0.007104
0.011297
0.039904
0.004726
0.010122
0.012967
0.005316
0.163651
0.029360
0.025112
0.007090
0.005621
0.024461
0.000777
0.022940
0.036850
0.032058
0.003732
0.024188
0.024004
0.031949
0.010228
0.003426
0.004934
0.040992
0.000000
0.000000
0.029005
0.000000
0.000000
0.010025
0.000000
0.000000
0.000000
0.025961
0.027179
0.036120
0.005344
0.031027
0.018321
0.011835
0.000000
0.000000
0.000000
0.031018
0.000000
0.000000
0.000000
0.015928
0.039354
0.002497
0.000000
0.000000
0.000000
0.000000
0.011782
0.000000
0.000000
0.000000
0.000000
0.000000
0.000000
0.001398
0.000000
0.000000
0.000000
0.000000
0.000000
0.000000
0.000000
0.000000
0.003641
0.000000
0.001307
0.000000
0.000000
0.014763
0.000000
0.000000
0.000000
0.000000
0.000000
0.000000
0.000000
0.000000
0.000000
0.015614
0.006610
0.000000
0.016587
0.000000
0.000000
0.000000
0.000000
0.000000
0.043387
0.068153
0.025474
0.021959
0.011595
0.015720
0.000000
0.012037
0.012726
0.022642
0.028364
0.008906
0.000000
0.000000
0.021456
0.015397
0.000000
0.000000
0.000000
0.000000
0.000000
0.000000
0.000000
0.020865
0.015134
0.000000
0.000000
0.092888
0.001518
0.014215
0.012331
0.002319
0.000000
0.000000
0.000000
0.000000
0.000000
0.006986
0.000000
0.000000
0.000000
0.000000
0.000000
0.024257
0.000000
0.000000
0.000000
0.051797
0.006861
0.009868
0.022705
0.014388
0.000000
0.018028
0.000000
0.000000
0.000000
0.000000
0.000000
0.000000
0.000000
0.000000
0.000000
0.000000
0.002506
0.000000
0.000000
0.018733
0.000000
0.000000
0.000000
0.000000
0.000000
0.000000
0.015269
0.007637
0.000075
0.000000
0.000000
0.000000
0.000000
0.000000
0.000000
0.000000
0.000000
0.000000
0.026685
0.025698
0.019862
0.000000
0.000000
0.000000
0.018652
0.000000
0.000000
0.000000
0.000000
0.000000
0.000000
0.138378
0.004365
0.005305
0.017852
0.011791
0.006257
0.013510
0.014149
0.000000
0.000000
0.024725
0.000000
0.012619
0.034064
0.018478
0.000000
0.025281
0.009377
0.023140
0.000000
0.000000
0.000000
0.000000
0.028578
0.071634
0.035089
0.000000
0.000000
0.000000
0.000000
0.028540
0.045600
0.011202
0.000000
0.000000
0.000000
0.000000
0.000000
0.005257
0.003304
0.000000
0.000000
0.000000
0.000000
0.000000
0.056994
0.028903
0.002893
0.000000
0.013412
0.000000
0.000000
0.000595
0.000000
0.000000
0.000000
0.007121
0.029649
0.048647
0.010096
0.003502
0.000000
0.000000
0.000000
0.000000
0.016608
0.000122
0.027793
0.015780
0.011742
0.021468
0.000000
0.000000
0.000000
0.000000
0.046704
0.033446
0.025264
0.000000
0.001928
0.069932
0.072490
0.001829
0.000000
0.019956
0.003980
0.005842
0.041022
0.047915
0.015062
0.000181
0.000000
0.000000
0.000000
0.000000
0.000000
0.000000
0.000000
0.000000
0.000000
0.000000
0.000000
0.006855
0.000000
0.000000
0.000000
0.000000
0.000325
0.000000
0.000000
0.000000
0.000000
0.000000
0.000000
0.000000
0.000000
0.000000
0.000000
0.000000
0.000000
0.000000
0.000000
0.000000
0.000000
0.000000
0.000000
0.006291
0.000000
0.000000
0.014285
0.000000
0.000000
0.000000
0.000000
0.000000
0.015179
0.000000
0.008416
0.000000
0.000000
0.034351
0.019109
0.006147
0.052200
0.002422
0.000000
0.000000
0.000000
0.000000
0.030791
0.024996
0.003399
0.009072
0.031019
0.009804
0.000000
0.000000
0.000000
0.000000
0.000000
0.000000
0.014518
0.000000
0.000000
0.001313
0.028339
0.001147
0.000000
0.018143
0.012466
0.000000
0.000000
0.000000
0.009804
0.000000
0.000000
0.031019
0.000000
0.000000
0.000000
0.000000
0.000000
0.056733
0.005467
0.000000
0.011706
0.003841
0.054614
0.000195
0.015477
0.005822
0.015308
0.054732
0.020836
0.000000
0.000380
0.000000
0.004347
0.000000
0.000000
0.000000
0.000000
0.000000
0.000000
0.000000
0.000000
0.000000
0.000000
0.000932
0.000000
0.000000
0.000000
0.014879
0.018179
0.000000
0.005197
0.000000
0.000000
0.000000
0.000000
0.054746
0.006770
0.006821
0.002134
0.000000
0.000000
0.000000
0.010260
0.000000
0.000000
0.000000
0.000000
0.000000
0.031177
0.053504
0.000000
0.000000
0.000000
0.000000
0.000000
0.022970
0.036018
0.028105
0.075087
0.046976
0.020955
0.027747
0.016618
0.016425
0.004638
0.001496
0.012917
0.006420
0.005912
0.000351
0.022071
0.000000
0.000000
0.098318
0.008423
0.000000
0.000000
0.000000
0.000000
0.000000
0.000000
0.000000
0.011779
0.008145
0.000000
0.000000
0.000475
0.000000
0.000000
0.000000
0.009441
0.000000
0.000000
0.000000
0.025345
0.008252
0.000000
0.000000
0.021419
0.003059
0.029477
0.000000
0.000000
0.000000
0.017378
0.025685
0.000000
0.000000
0.000000
0.000000
0.000000
0.044113
0.001796
0.010069
0.020575
0.005729
0.017083
0.000000
0.053599
0.022494
0.000000
0.000000
0.009698
0.000000
0.004354
0.000000
0.000000
0.000000
0.000000
0.000000
0.000000
0.000000
0.004061
0.000000
0.000000
0.000000
0.000000
0.000000
0.021340
0.000000
0.000000
0.000000
0.000000
0.000000
0.000000
0.000000
0.021160
0.017532
0.015617
0.000000
0.013950
0.000000
0.031100
0.001565
0.004426
0.014564
0.000000
0.000000
0.000000
0.000000
0.000000
0.000000
0.000000
0.000000
0.031042
0.000000
0.000000
0.000000
0.011403
0.048553
0.011630
0.000000
0.000000
0.000000
0.000000
0.043468
0.058820
0.018929
0.000000
0.012697
0.000000
0.000000
0.000000
0.000000
0.000000
0.000000
0.000000
0.000000
0.000000
0.013824
0.016505
0.032760
0.022442
0.000000
0.006584
0.000000
0.060096
0.007763
0.009519
0.007879
0.012434
0.032711
0.017127
0.000000
0.000000
0.000000
0.006629
0.000000
0.000000
0.000000
0.052842
0.000482
0.022601
0.061785
0.012687
0.006137
0.005688
0.000000
0.000000
0.000000
0.000000
0.008034
0.000000
0.000000
0.035428
0.000498
0.000000
0.000000
0.000000
0.004295
0.000000
0.000000
0.000000
0.000000
0.000000
0.000000
0.026875
0.000000
0.000000
0.018893
0.000000
0.000000
0.000000
0.000000
0.013939
0.000000
0.000000
0.000000
0.000000
0.000000
0.000000
0.000000
0.000000
0.000000
0.000000
0.000000
0.000000
0.006732
0.029660
0.001035
0.000000
0.000000
0.004663
0.000000
0.000000
0.000000
0.000000
0.005005
0.000000
0.000000
0.000000
0.006682
0.000000
0.001804
0.040714
0.012550
0.000000
0.008349
0.015097
0.000000
0.000000
0.000000
0.000000
0.000000
0.000000
0.000000
0.000000
0.000000
0.000000
0.000000
0.028297
0.000000
0.000000
0.020954
0.023270
0.000000
0.000000
0.016071
0.000000
0.000000
0.000000
0.000000
0.002040
0.000000
0.051040
0.031891
0.012887
0.018746
0.007395
0.006145
0.026117
0.100021
0.004804
0.009438
0.007798
0.000000
0.040903
0.000000
0.013849
0.040765
0.018674
0.031072
0.003955
0.038291
0.000000
0.000000
0.000000
0.064423
0.002195
0.058479
0.025506
0.036189
0.011194
0.000000
0.000000
0.000000
0.000000
0.000000
0.000000
0.000000
0.000000
0.000000
0.007589
0.000000
0.000000
0.014513
0.004329
0.000000
0.015447
0.000000
0.011477
0.000000
0.000000
0.013431
0.024872
0.000000
0.000000
0.000000
0.000000
0.014913
0.029000
0.000000
0.000000
0.000000
0.000000
0.000000
0.000000
0.030852
0.000000
0.000000
0.000000
0.000000
0.000000
0.000000
0.000000
0.000000
0.000000
0.000000
0.006524
0.000000
0.004684
0.014767
0.006153
0.028965
0.000000
0.000000
0.000000
0.000000
0.000000
0.000000
0.049782
0.031677
0.013996
0.000000
0.004607
0.000000
0.012201
0.000000
0.000441
0.000000
0.000000
0.000000
0.007148
0.000547
0.007650
0.000000
0.000000
0.000000
0.000000
0.000000
0.000000
0.032505
0.022480
0.000000
0.000000
0.000000
0.000000
0.075384
0.000466
0.000000
0.000000
0.000000
0.000000
0.000000
0.000000
0.028203
0.000000
0.000000
0.000000
0.000000
0.000000
0.000000
0.025462
0.012630
0.005739
0.003786
0.000000
0.025895
0.044428
0.023474
0.002523
0.000000
0.000000
0.015022
0.000000
0.000000
0.009526
0.027244
0.000307
0.000000
0.000000
0.000000
0.000000
0.024496
0.001274
0.000000
0.013252
0.009302
0.029819
0.000000
0.000000
0.000000
0.000000
0.000000
0.000000
0.000000
0.000000
0.000000
0.000000
0.012420
0.015056
0.000000
0.000000
0.000000
0.000000
0.027491
0.009897
0.000000
0.000000
0.021617
0.023202
0.002151
0.006141
0.000000
0.000000
0.000000
0.029455
0.007715
0.043998
0.009533
0.005527
0.000000
0.010829
0.000000
0.000000
0.000000
0.000000
0.015948
0.009171
0.003627
0.016578
0.051328
0.007925
0.000000
0.000000
0.000000
0.000000
0.001680
0.000000
0.000000
0.000000
0.000000
0.000000
0.000000
0.000000
0.000000
0.000000
0.000000
0.000000
0.055759
0.021340
0.000000
0.000000
0.000000
0.046289
0.006238
0.000000
0.005321
0.000000
0.018193
0.000000
0.005017
0.000000
0.000000
0.000000
0.000000
0.025826
0.019460
0.000000
0.000000
0.000000
0.044458
0.000000
0.000000
0.000000
0.000000
0.000000
0.000000
0.090245
0.008832
0.007227
0.014857
0.009826
0.014278
0.014300
0.009984
0.021701
0.000000
0.005759
0.059636
0.008964
0.000000
0.013090
0.002977
0.000000
0.000000
0.000000
0.000000
0.000000
0.000000
0.000000
0.011584
0.000000
0.000000
0.000000
0.000000
0.000000
0.140258
0.005817
0.017158
0.004104
0.000000
0.000000
0.000000
0.020743
0.002546
0.026552
0.009481
0.000000
0.000000
0.000000
0.000000
0.000000
0.000000
0.000000
0.000000
0.000000
0.000000
0.002962
0.000000
0.020471
0.000342
0.003047
0.024921
0.001091
0.000000
0.000000
0.000000
0.004105
0.032508
0.000000
0.000000
0.000000
0.000000
0.000000
0.002645
0.000000
0.000000
0.000000
0.000000
0.000000
0.000000
0.000000
0.000000
0.000000
0.017447
0.000000
0.000000
0.000000
0.000000
0.001248
0.000000
0.000000
0.000000
0.000000
0.000000
0.010570
0.000000
0.003291
0.000000
0.002815
0.011738
0.000000
0.000407
0.000000
0.037746
0.002061
0.034379
0.001955
0.000000
0.000000
0.000000
0.000490
0.000000
0.000000
0.000180
0.000000
0.000000
0.000000
0.001998
0.000000
0.000000
0.042872
0.000000
0.003669
0.003904
0.014283
0.013208
0.005233
0.000000
0.008268
0.000000
0.000000
0.000000
0.000000
0.000000
0.053881
0.012207
0.000000
0.000000
0.010448
0.034415
0.004324
0.021579
0.005296
0.007734
0.031839
0.037572
0.035276
0.006826
0.004425
0.013937
0.005473
0.031388
0.000000
0.000000
0.000000
0.000000
0.000000
0.004646
0.007394
0.074692
0.064731
0.071689
0.003222
0.002918
0.011177
0.000000
0.007568
0.000000
0.000000
0.009003
0.017140
0.003425
0.000000
0.000000
0.000000
0.002080
0.015354
0.000000
0.009548
0.000000
0.000884
0.000000
0.000000
0.034372
0.002364
0.003344
0.000000
0.000483
0.000000
0.000000
0.000000
0.007550
0.000000
0.000000
0.000000
0.000000
0.009821
0.000000
0.000000
0.028390
0.003189
0.050670
0.004009
0.027109
0.035907
0.000000
0.000000
0.020084
0.019615
0.000000
0.001541
0.000000
0.000000
0.000000
0.000000
0.000000
0.000000
0.000000
0.000000
0.000000
0.000000
0.008247
0.000000
0.000000
0.000000
0.000000
0.014615
0.000000
0.000000
0.016587
0.028860
0.010824
0.000000
0.000000
0.000000
0.008477
0.000000
0.000000
0.000000
0.000000
0.014525
0.000000
0.064857
0.002139
0.050820
0.018738
0.009213
0.019895
0.010702
0.024896
0.000000
0.000000
0.000000
0.096040
0.011748
0.034133
0.035294
0.015070
0.021910
0.003529
0.000000
0.013567
0.013255
0.000000
0.051737
0.000000
0.000000
0.022665
0.000000
0.000000
0.024698
0.000000
0.000000
0.023534
0.000000
0.000000
0.000000
0.000000
0.000000
0.000000
0.000000
0.000000
0.000000
0.027289
0.000000
0.033138
0.000000
0.061954
0.020490
0.000000
0.000000
0.019939
0.024313
0.012132
0.000000
0.022186
0.004414
0.000548
0.000000
0.000000
0.009700
0.034027
0.000000
0.035357
0.014370
0.016379
0.000000
0.039916
0.002501
0.033426
0.000000
0.023016
0.000000
0.000000
0.015470
0.004455
0.000000
0.000000
0.000000
0.007186
0.000000
0.000000
0.000000
0.000000
0.000000
0.016311
0.016256
0.005591
0.007872
0.000000
0.000000
0.014016
0.041084
0.000000
0.000000
0.000000
0.000000
0.049802
0.020701
0.019258
0.000000
0.000000
0.000000
0.000000
0.000000
0.000000
0.000000
0.000000
0.000000
0.013574
0.033804
0.000000
0.030330
0.008085
0.000000
0.004967
0.007738
0.051718
0.000000
0.001828
0.006363
0.041080
0.025667
0.000000
0.000000
0.000000
0.000000
0.000000
0.000000
0.000000
0.000000
0.000000
0.005330
0.032439
0.023354
0.038875
0.035274
0.004724
0.023800
0.006918
0.000000
0.000000
0.000000
0.019615
0.000508
0.007896
0.000000
0.000000
0.000000
0.000000
0.021392
0.003824
0.110688
0.007608
0.000314
0.002251
0.000000
0.000000
0.000000
0.000000
0.000000
0.000000
0.000000
0.000000
0.000000
0.000000
0.000000
0.023388
0.030086
0.009251
0.000000
0.000000
0.000000
0.000000
0.000000
0.000000
0.006640
0.000000
0.002372
0.000000
0.001934
0.000000
0.000000
0.000000
0.010505
0.051182
0.000000
0.003149
0.000000
0.000000
0.000000
0.000000
0.000000
0.000000
0.000971
0.000000
0.000000
0.012237
0.015242
0.000579
0.004060
0.041639
0.000000
0.000000
0.000000
0.000000
0.000000
0.022728
0.001227
0.001492
0.041597
0.000000
0.000000
0.017934
0.000000
0.000000
0.000000
0.015126
0.000000
0.000000
0.000000
0.000000
0.000000
0.008391
0.005634
0.007218
0.016549
0.019442
0.000000
0.033258
0.014870
0.000000
0.084768
0.016731
0.018697
0.012359
0.004795
0.000000
0.000000
0.000000
0.028446
0.014464
0.004337
0.000000
0.018879
0.000000
0.000000
0.000000
0.005569
0.000000
0.000000
0.000000
0.000000
0.018764
0.009747
0.026149
0.038258
0.011662
0.056898
0.015344
0.028615
0.000000
0.000000
0.000000
0.000000
0.000000
0.000000
0.040576
0.038633
0.000000
0.000000
0.000000
0.042825
0.004262
0.002916
0.000000
0.000000
0.000000
0.000000
0.000000
0.015521
0.000000
0.000000
0.000000
0.000000
0.000000
0.000000
0.027498
0.008350
0.000000
0.000000
0.000000
0.000000
0.000000
0.000000
0.000000
0.016702
0.000000
0.000000
0.013709
0.000000
0.000000
0.022861
0.037803
0.000000
0.000000
0.000000
0.000000
0.000000
0.000000
0.000000
0.000000
0.009551
0.001873
0.091260
0.002023
0.021590
0.000000
0.000000
0.000000
0.003722
0.000342
0.000000
0.032257
0.011042
0.006372
0.000000
0.000000
0.006648
0.011280
0.000522
0.000000
0.000000
0.000000
0.019091
0.012342
0.000000
0.000000
0.000000
0.000000
0.003988
0.021813
0.009550
0.000000
0.000000
0.008719
0.000000
0.004359
0.010701
0.025449
0.000000
0.000000
0.029063
0.000000
0.000000
0.019114
0.007670
0.005992
0.000000
0.006975
0.000000
0.014027
0.003937
0.000000
0.000000
0.039931
0.010706
0.000000
0.004139
0.000000
0.000000
0.000000
0.000000
0.118346
0.006019
0.000000
0.000000
0.000000
0.011582
0.000000
0.018839
0.019758
0.004457
0.000000
0.018799
0.000000
0.007074
0.041926
0.014475
0.003966
0.000000
0.000000
0.000000
0.001813
0.000000
0.002801
0.000000
0.000000
0.000000
0.059048
0.000000
0.002644
0.000000
0.000000
0.005928
0.000000
0.000000
0.004845
0.000000
0.000000
0.021387
0.000000
0.000000
0.000000
0.000000
0.000000
0.000000
0.000000
0.000327
0.032105
0.000000
0.000000
0.000000
0.000000
0.000000
0.000000
0.000000
0.000000
0.000000
0.000000
0.049117
0.029107
0.009126
0.004813
0.043371
0.000000
0.000000
0.000000
0.000000
0.000000
0.002401
0.000000
0.000000
0.008197
0.000000
0.050252
0.000000
0.004250
0.035625
0.006117
0.000000
0.000000
0.021707
0.005632
0.000000
0.000000
0.000000
0.002866
0.000000
0.033631
0.007855
0.000000
0.000000
0.000000
0.000000
0.000000
0.000000
0.000000
0.031350
0.000000
0.012122
0.022465
0.045375
0.004081
0.073327
0.002550
0.054133
0.013913
0.019308
0.000000
0.000000
0.000000
0.000000
0.000000
0.000000
0.000000
0.000000
0.000000
0.000000
0.000000
0.000000
0.000000
0.000000
0.000000
0.000000
0.001001
0.000000
0.000000
0.022214
0.000000
0.000000
0.000000
0.003269
0.000000
0.000000
0.018662
0.000000
0.020012
0.062079
0.042108
0.000000
0.002262
0.011544
0.000000
0.000000
0.000000
0.013519
0.008632
0.000000
0.000000
0.000000
0.000000
0.024092
0.000000
0.000000
0.057133
0.007746
0.011484
0.000000
0.000000
0.000000
0.000000
0.010843
0.000000
0.000000
0.000000
0.004062
0.021000
0.000000
0.000000
0.000000
0.000000
0.000000
0.016300
0.006505
0.014786
0.000000
0.000000
0.031677
0.016606
0.003996
0.039663
0.015022
0.009432
0.010278
0.073131
0.001894
0.000000
0.022621
0.008236
0.000000
0.000000
0.012085
0.007876
0.000000
0.021133
0.000000
0.000000
0.000000
0.000000
0.000000
0.000000
0.000000
0.000000
0.002449
0.000569
0.000000
0.000000
0.000000
0.023993
0.000000
0.009378
0.014966
0.000000
0.018992
0.000000
0.001275
0.000000
0.028432
0.002431
0.000000
0.000000
0.000000
0.007821
0.000000
0.013992
0.028187
0.053175
0.020476
0.013477
0.000000
0.000000
0.000000
0.000000
0.000000
0.000000
0.000000
0.000000
0.000000
0.000000
0.000000
0.000000
0.000000
0.000000
0.000000
0.048106
0.015327
0.000773
0.005059
0.000964
0.000000
0.000000
0.004883
0.000000
0.000000
0.000118
0.000000
0.003083
0.000000
0.000000
0.000000
0.000000
0.000000
0.001040
0.005287
0.000000
0.022852
0.008446
0.035266
0.033077
0.008097
0.019959
0.028251
0.000000
0.000000
0.000000
0.000000
0.000000
0.005861
0.000000
0.000000
0.000000
0.000000
0.000000
0.001009
0.000000
0.000000
0.000000
0.000000
0.000000
0.000000
0.000000
0.012539
0.017547
0.000000
0.000000
0.000000
0.000000
0.000000
0.000000
0.000000
0.000000
0.000000
0.000000
0.000000
0.000000
0.000000
0.000000
0.000000
0.000347
0.000000
0.000000
0.000000
0.000000
0.000000
0.000000
0.000000
0.000000
0.000000
0.000000
0.000000
0.000000
0.000000
0.004008
0.004881
0.000000
0.000000
0.002248
0.000000
0.027084
0.045949
0.018092
0.000000
0.000000
0.000000
0.039202
0.007200
0.000580
0.000000
0.000000
0.003854
0.000000
0.000000
0.000000
0.000000
0.030502
0.000000
0.006307
0.000000
0.004182
0.000000
0.000000
0.000000
0.000849
0.000000
0.000000
0.000000
0.000000
0.000000
0.000000
0.000000
0.000000
0.000000
0.000000
0.000000
0.000000
0.005555
0.000000
0.000000
0.000000
0.008183
0.001486
0.000000
0.000000
0.000000
0.000000
0.000000
0.000000
0.000000
0.000000
0.022641
0.004924
0.000000
0.000000
0.000000
0.029777
0.027980
0.012904
0.000283
0.000000
0.019937
0.005055
0.014592
0.002328
0.000000
0.000000
0.000000
0.000000
0.000000
0.000000
0.000000
0.007788
0.000000
0.000000
0.000000
0.000000
0.000000
0.000000
0.000000
0.000000
0.002465
0.000538
0.001294
0.002949
0.000000
0.000000
0.013718
0.000000
0.000000
0.000000
0.000000
0.000000
0.033937
0.001858
0.000000
0.000000
0.000000
0.000000
0.000795
0.012185
0.000000
0.018192
0.008464
0.000000
0.000000
0.000000
0.000397
0.038150
0.000349
0.000000
0.000000
0.000000
0.000000
0.000000
0.000000
0.010548
0.015474
0.013214
0.000000
0.000000
0.000000
0.104730
0.009393
0.000000
0.030174
0.006640
0.017216
0.000000
0.000000
0.000000
0.000547
0.000000
0.000000
0.000000
0.000000
0.000000
0.000000
0.002960
0.000000
0.000000
0.012335
0.127214
0.000000
0.000000
0.000000
0.000909
0.000000
0.015693
0.009843
0.008322
0.000000
0.021474
0.025659
0.000000
0.000000
0.002876
0.000000
0.000000
0.000000
0.000000
0.000000
0.023542
0.000000
0.000000
0.000000
0.000000
0.002506
0.013622
0.000000
0.003466
0.000000
0.000000
0.000000
0.000000
0.000000
0.009679
0.025172
0.031135
0.004649
0.000739
0.000000
0.005308
0.000000
0.000000
0.000000
0.000000
0.078952
0.000000
0.000000
0.003567
0.000000
0.000000
0.000000
0.000000
0.003662
0.007242
0.007414
0.000000
0.000000
0.000000
0.000000
0.000000
0.000000
0.007757
0.025370
0.000000
0.000000
0.050923
0.000000
0.004587
0.000000
0.000000
0.000000
0.014194
0.000000
0.012269
0.000263
0.000000
0.000000
0.000000
0.044978
0.015651
0.004501
0.004203
0.000000
0.000000
0.094135
0.016441
0.015108
0.000000
0.000000
0.003638
0.000000
0.000000
0.000000
0.000000
0.000000
0.000000
0.000000
0.000000
0.000000
0.039981
0.000000
0.000000
0.000000
0.015769
0.048496
0.011035
0.000000
0.000000
0.000000
0.000000
0.000000
0.000000
0.020862
0.000000
0.000000
0.000000
0.000000
0.019418
0.003555
0.000000
0.000000
0.000000
0.000000
0.000000
0.047189
0.018339
0.000000
0.000000
0.000000
0.000000
0.000000
0.000000
0.000000
0.007473
0.000000
0.000000
0.007143
0.000000
0.025841
0.017341
0.000000
0.059726
0.022417
0.015105
0.000943
0.007678
0.015787
0.009403
0.005506
0.081024
0.019288
0.062773
0.000433
0.000000
0.000000
0.000000
0.000000
0.000000
0.000000
0.010278
0.000000
0.000000
0.003945
0.010087
0.000000
0.000000
0.040140
0.007905
0.002540
0.000000
0.047097
0.000000
0.000000
0.000000
0.000000
0.000000
0.000000
0.000000
0.008705
0.000000
0.000000
0.001925
0.000000
0.016585
0.000000
0.000000
0.000000
0.022616
0.016950
0.000000
0.000000
0.000000
0.000000
0.000000
0.011194
0.013195
0.089307
0.010259
0.017083
0.030281
0.010735
0.010004
0.015669
0.021570
0.000189
0.000000
0.012450
0.000000
0.000000
0.012415
0.000000
0.067984
0.038346
0.011590
0.051012
0.011893
0.009895
0.000000
0.000000
0.011406
0.029998
0.000000
0.102192
0.024933
0.010923
0.000726
0.005961
0.006350
0.000000
0.000000
0.000000
0.000000
0.007198
0.000000
0.000000
0.000000
0.000000
0.000000
0.000190
0.000000
0.000000
0.000000
0.000000
0.016406
0.018795
0.000000
0.020557
0.067340
0.036871
0.009751
0.022501
0.014949
0.000268
0.000000
0.000000
0.015421
0.036098
0.000000
0.000000
0.000000
0.000000
0.012553
0.020922
0.019669
0.036287
0.000000
0.000000
0.000000
0.000000
0.002161
0.000000
0.009786
0.000000
0.000000
0.000000
0.014929
0.011830
0.000000
0.000000
0.000000
0.005454
0.000000
0.000000
0.000000
0.000000
0.000000
0.000000
0.019365
0.000767
0.011757
0.010405
0.000000
0.000000
0.000000
0.000000
0.026745
0.000000
0.000000
0.009124
0.001503
0.000000
0.000000
0.000000
0.000000
0.000000
0.000000
0.000000
0.012329
0.000000
0.000000
0.000000
0.000000
0.000000
0.011171
0.000000
0.000000
0.000000
0.000000
0.023984
0.034881
0.016365
0.042800
0.000000
0.000000
0.043806
0.000000
0.006512
0.000000
0.000000
0.000000
0.000000
0.002396
0.000000
0.000000
0.000000
0.000000
0.000000
0.000000
0.000000
0.000000
0.020837
0.002152
0.018736
0.031044
0.003664
0.000000
0.000000
0.000000
0.000734
0.000000
0.021182
0.000388
0.000000
0.000000
0.000000
0.000000
0.000000
0.000000
0.003996
0.000000
0.000000
0.000000
0.014135
0.000000
0.000000
0.000000
0.000000
0.000000
0.000000
0.000000
0.000000
0.000000
0.022252
0.091355
0.024016
0.009354
0.037854
0.021215
0.005714
0.000000
0.000000
0.003231
0.000000
0.000000
0.000000
0.000000
0.000000
0.051083
0.000000
0.000794
0.000000
0.000000
0.000000
0.000000
0.000000
0.000000
0.006013
0.000000
0.001981
0.005791
0.022030
0.000000
0.000000
0.000000
0.000000
0.000000
0.000000
0.009421
0.000000
0.007267
0.000000
0.000000
0.031369
0.017826
0.008844
0.025726
0.001934
0.000000
0.000000
0.000000
0.000000
0.000000
0.000000
0.000000
0.000000
0.000000
0.000000
0.000000
0.001216
0.000000
0.001582
0.000000
0.000000
0.000000
0.000000
0.000000
0.000000
0.000000
0.000000
0.000000
0.000000
0.000000
0.000026
0.000000
0.000000
0.000000
0.000000
0.000000
0.000000
0.042529
0.044469
0.008913
0.000000
0.000000
0.000000
0.014855
0.003548
0.000000
0.000000
0.000000
0.000000
0.000000
0.002835
0.000167
0.000000
0.023045
0.001058
0.000000
0.009389
0.014170
0.019301
0.001777
0.000000
0.034715
0.001406
0.037166
0.000000
0.000000
0.000000
0.021996
0.000000
0.018931
0.000000
0.000000
0.036953
0.007700
0.006202
0.020646
0.000000
0.000000
0.000000
0.000000
0.000000
0.004176
0.000000
0.000000
0.000000
0.000000
0.002584
0.000000
0.000000
0.056166
0.007862
0.013203
0.000000
0.003905
0.014928
0.017175
0.020653
0.017946
0.022349
0.019349
0.017354
0.000000
0.017430
0.000000
0.000000
0.000000
0.022187
0.004486
0.000898
0.008846
0.033144
0.017096
0.002607
0.009988
0.006860
0.000000
0.000000
0.000000
0.000000
0.006172
0.000000
0.000000
0.000000
0.000000
0.000000
0.000000
0.000000
0.000000
0.028737
0.000000
0.018191
0.024539
0.030144
0.005106
0.005278
0.000000
0.029000
0.025289
0.000000
0.000000
0.073608
0.081526
0.002035
0.024911
0.012253
0.005921
0.000000
0.000000
0.000000
0.000000
0.000000
0.000000
0.048542
0.000000
0.000000
0.000000
0.000000
0.000000
0.000000
0.000000
0.000000
0.000000
0.004387
0.000000
0.000000
0.015979
0.021735
0.062008
0.018245
0.001070
0.026363
0.000389
0.008064
0.044066
0.000000
0.000000
0.000000
0.000000
0.000000
0.000000
0.000528
0.019584
0.018579
0.000000
0.000000
0.000000
0.000000
0.007168
0.004295
0.000000
0.010574
0.000000
0.000000
0.000000
0.000000
0.025210
0.000000
0.000000
0.002542
0.000000
0.000000
0.000000
0.000000
0.000000
0.000000
0.000000
0.000000
0.000000
0.000000
0.000000
0.000000
0.001091
0.018606
0.000000
0.000000
0.001298
0.000000
0.010522
0.014088
0.006976
0.002415
0.000000
0.015185
0.037917
0.004699
0.014206
0.003977
0.008994
0.015696
0.000000
0.028002
0.036503
0.003595
0.007878
0.012570
0.035329
0.022741
0.000000
0.000000
0.000000
0.000000
0.000000
0.013534
0.000000
0.000000
0.009201
0.000000
0.000000
0.000000
0.000000
0.000000
0.000000
0.000000
0.000000
0.000000
0.000000
0.000000
0.000000
0.000000
0.000000
0.002854
0.000000
0.033308
0.007691
0.015012
0.000000
0.025280
0.000000
0.034722
0.000000
0.008279
0.000000
0.005533
0.000000
0.000000
0.000000
0.000000
0.000000
0.006937
0.000000
0.029906
0.010432
0.009414
0.000000
0.000000
0.000000
0.000000
0.000000
0.008654
0.000000
0.000000
0.000000
0.000117
0.000000
0.000000
0.000000
0.010505
0.000000
0.000000
0.000000
0.024652
0.006665
0.004747
0.000000
0.000000
0.000000
0.000000
0.000000
0.000000
0.002828
0.000000
0.000000
0.000000
0.000000
0.000000
0.000000
0.011705
0.000000
0.000000
0.000000
0.003802
0.000000
0.012101
0.000000
0.000000
0.053061
0.000000
0.009817
0.000000
0.003457
0.000000
0.000000
0.000000
0.000000
0.000000
0.000000
0.011818
0.002152
0.011543
0.028198
0.000000
0.004974
0.000000
0.007962
0.000000
0.010519
0.006087
0.000000
0.000000
0.000000
0.006189
0.006634
0.005729
0.000000
0.001226
0.000000
0.000000
0.006565
0.012223
0.004593
0.000000
0.000000
0.000000
0.000000
0.000000
0.000000
0.054260
0.011097
0.003636
0.000963
0.024085
0.039739
0.028645
0.000000
0.020131
0.000000
0.015271
0.002882
0.000000
0.037322
0.011814
0.000715
0.000670
0.000000
0.051330
0.024890
0.084204
0.007754
0.002535
0.024113
0.004138
0.000000
0.000000
0.000000
0.015110
0.017424
0.020230
0.013871
0.004301
0.014559
0.009390
0.013559
0.014941
0.020851
0.001779
0.013864
0.000000
0.000000
0.000000
0.000000
0.030346
0.000100
0.033859
0.058508
0.004829
0.026924
0.014144
0.000000
0.000000
0.000000
0.000000
0.059339
0.007869
0.010728
0.014365
0.000000
0.000000
0.000000
0.000000
0.000000
0.000000
0.000000
0.000000
0.000000
0.000000
0.000125
0.000000
0.000000
0.000000
0.000000
0.002099
0.000000
0.000000
0.000000
0.015107
0.000000
0.015300
0.001200
0.008715
0.000000
0.000000
0.071482
0.048099
0.025044
0.002245
0.001160
0.008080
0.000000
0.000000
0.000000
0.000000
0.000000
0.000000
0.000000
0.000000
0.000000
0.022678
0.026230
0.004482
0.013450
0.000000
0.000000
0.000000
0.056060
0.016819
0.000014
0.000000
0.000000
0.000000
0.041480
0.000000
0.025169
0.000000
0.000000
0.000000
0.029395
0.023586
0.000000
0.000000
0.000000
0.000000
0.032419
0.000000
0.000000
0.000000
0.000000
0.000000
0.000000
0.000000
0.000000
0.003745
0.000000
0.026034
0.000000
0.000000
0.009238
0.000000
0.000000
0.000000
0.000000
0.011070
0.000000
0.000000
0.000000
0.002279
0.062187
0.026433
0.000000
0.008076
0.000000
0.004752
0.030479
0.030696
0.017770
0.000000
0.000000
0.000000
0.000000
0.000000
0.005685
0.000000
0.000000
0.014037
0.000000
0.000000
0.021620
0.015461
0.004628
0.005968
0.000000
0.000000
0.010693
0.000000
0.000000
0.000000
0.000244
0.000314
0.000000
0.026400
0.020712
0.000000
0.000000
0.000000
0.026861
0.002303
0.036687
0.002144
0.050740
0.018546
0.008602
0.015692
0.001842
0.000000
0.000000
0.000000
0.000000
0.006500
0.000000
0.014008
0.048675
0.033299
0.000000
0.011972
0.000000
0.007411
0.018233
0.029779
0.003887
0.068908
0.003488
0.005329
0.059562
0.014247
0.015629
0.017724
0.016625
0.000613
0.047787
0.005074
0.002621
0.000000
0.027731
0.000000
0.008214
0.022288
0.075982
0.000000
0.000000
0.000000
0.001443
0.000000
0.000000
0.011927
0.000000
0.002043
0.000000
0.000000
0.019472
0.000000
0.000552
0.000000
0.008950
0.000000
0.000000
0.012463
0.000000
0.001263
0.000000
0.000146
0.003297
0.000000
0.000000
0.011031
0.011002
0.020737
0.000000
0.000000
0.000000
0.017137
0.000000
0.000000
0.010903
0.019401
0.044243
0.019465
0.024304
0.015192
0.000000
0.032726
0.025455
0.000607
0.000000
0.000000
0.000000
0.000461
0.000000
0.006268
0.011148
0.002689
0.028724
0.000000
0.000000
0.003200
0.013668
0.021991
0.012741
0.026290
0.001815
0.000000
0.000000
0.000000
0.000000
0.000000
0.000000
0.000000
0.000000
0.000000
0.000000
0.000000
0.019834
0.031562
0.000369
0.000000
0.020332
0.023148
0.006850
0.000000
0.001038
0.000000
0.000000
0.000000
0.000000
0.000000
0.017565
0.002074
0.000000
0.000000
0.000000
0.000000
0.000000
0.000000
0.000000
0.000000
0.000000
0.012933
0.015290
0.038012
0.004256
0.000000
0.000000
0.000000
0.000000
0.000000
0.016803
0.011409
0.000000
0.010110
0.000000
0.023543
0.000000
0.000000
0.000000
0.010237
0.005797
0.032201
0.014257
0.031837
0.002355
0.000000
0.000000
0.018761
0.008172
0.000000
0.000000
0.037949
0.068895
0.000940
0.014054
0.023606
0.015319
0.000000
0.011830
0.016836
0.000000
0.028944
0.015513
0.006842
0.000000
0.054144
0.019220
0.007955
0.000000
0.000000
0.000000
0.000000
0.000000
0.000000
0.000000
0.008623
0.000000
0.004466
0.000000
0.001565
0.013564
0.008418
0.000000
0.000596
0.000000
0.000000
0.000000
0.000000
0.022258
0.026850
0.007291
0.000000
0.000000
0.003604
0.000000
0.000000
0.025052
0.000000
0.000000
0.052226
0.044587
0.000006
0.035687
0.001818
0.045204
0.018588
0.016348
0.000000
0.031398
0.007388
0.019715
0.000000
0.000138
0.006228
0.018316
0.000000
0.000000
0.000000
0.007704
0.000360
0.000000
0.000000
0.000000
0.000000
0.017697
0.000000
0.000000
0.000000
0.005818
0.000000
0.000000
0.000000
0.000000
0.000000
0.000000
0.000000
0.008948
0.000000
0.000000
0.000000
0.000525
0.010018
0.000000
0.000000
0.032313
0.000000
0.000000
0.053837
0.019278
0.008393
0.009454
0.002694
0.000000
0.000000
0.000000
0.000000
0.000000
0.000000
0.067263
0.000000
0.000000
0.000000
0.022352
0.007338
0.021849
0.004576
0.000000
0.000000
0.016817
0.014839
0.059988
0.000000
0.000000
0.000000
0.033948
0.009877
0.051300
0.000000
0.004499
0.000000
0.003296
0.000000
0.022806
0.000000
0.019373
0.047454
0.000000
0.000000
0.000000
0.000000
0.000000
0.006485
0.000000
0.007387
0.000594
0.000000
0.000000
0.000000
0.000000
0.000000
0.000000
0.000000
0.000000
0.000000
0.000000
0.000000
0.000000
0.000000
0.000000
0.000000
0.000000
0.000000
0.000000
0.000000
0.000000
0.000000
0.000000
0.022031
0.008426
0.000000
0.014001
0.000000
0.000000
0.000000
0.000000
0.000000
0.000000
0.000000
0.000000
0.000000
0.017372
0.001982
0.000000
0.000000
0.000000
0.000000
0.000000
0.015297
0.000000
0.000000
0.000129
0.000000
0.000000
0.000000
0.000000
0.010109
0.000000
0.000000
0.000000
0.000000
0.000000
0.006315
0.000000
0.006239
0.049432
0.000558
0.033439
0.023896
0.034415
0.015842
0.037244
0.001037
0.000000
0.000000
0.014310
0.021627
0.006966
0.000000
0.000000
0.000000
0.000000
0.000000
0.000000
0.005389
0.001690
0.006147
0.042902
0.040038
0.004389
0.007368
0.001407
0.013918
0.000000
0.000000
0.000000
0.011521
0.000000
0.012444
0.000000
0.000000
0.000538
0.000000
0.000000
0.000000
0.000000
0.000000
0.015564
0.000000
0.000000
0.000000
0.000000
0.001616
0.000000
0.000896
0.002000
0.000000
0.000000
0.000000
0.000000
0.000000
0.000000
0.011105
0.005407
0.000000
0.000000
0.000000
0.000000
0.000000
0.000000
0.000000
0.020329
0.001607
0.015233
0.016782
0.015027
0.092072
0.000244
0.002966
0.000000
0.000000
0.000000
0.000000
0.000000
0.000000
0.000000
0.000000
0.000000
0.029957
0.008191
0.057477
0.014873
0.022723
0.006521
0.011360
0.001656
0.010714
0.034959
0.000000
0.000000
0.000000
0.000000
0.000000
0.000000
0.040746
0.006079
0.022165
0.020777
0.029027
0.022969
0.000000
0.017410
0.004390
0.000000
0.000000
0.000000
0.009100
0.007393
0.013128
0.001787
0.000581
0.000000
0.000000
0.007271
0.000000
0.000000
0.003602
0.000000
0.000000
0.005676
0.008049
0.000000
0.008048
0.000000
0.000000
0.000000
0.000757
0.000000
0.000000
0.006237
0.001260
0.036368
0.000000
0.000000
0.000000
0.000000
0.000000
0.000000
0.000000
0.004970
0.000000
0.040348
0.000000
0.000000
0.000000
0.000000
0.001158
0.102173
0.010850
0.000000
0.000935
0.000000
0.000000
0.000000
0.002180
0.067669
0.036044
0.008453
0.013033
0.025634
0.065347
0.002525
0.000643
0.001445
0.002858
0.000000
0.000000
0.005929
0.000000
0.000000
0.001616
0.000000
0.014922
0.000000
0.003919
0.000000
0.002097
0.000000
0.000000
0.000000
0.000000
0.000000
0.000000
0.000000
0.000000
0.050132
0.028175
0.000000
0.000000
0.000000
0.000000
0.000000
0.000000
0.000000
0.042548
0.066825
0.027733
0.040152
0.008279
0.004276
0.000381
0.006592
0.016788
0.000000
0.000000
0.075321
0.000312
0.005796
0.000000
0.000000
0.000000
0.004035
0.000000
0.021914
0.000000
0.027697
0.022047
0.004414
0.000951
0.000000
0.001220
0.000000
0.000000
0.000000
0.014322
0.000000
0.000000
0.003196
0.000000
0.003496
0.000000
0.000000
0.000000
0.000000
0.000000
0.000000
0.031053
0.000000
0.000000
0.000000
0.000000
0.000000
0.046526
0.013063
0.027081
0.001480
0.017051
0.041781
0.087307
0.048690
0.018946
0.012464
0.004161
0.034163
0.005113
0.042747
0.005202
0.000000
0.002176
0.000000
0.000000
0.000000
0.000000
0.000000
0.000000
0.000000
0.000000
0.000000
0.000000
0.000000
0.053088
0.020376
0.013159
0.000000
0.000000
0.026784
0.000000
0.000000
0.000000
0.001708
0.000000
0.000000
0.000000
0.000000
0.000000
0.000000
0.000000
0.034422
0.000109
0.012578
0.000000
0.032925
0.002967
0.011103
0.008402
0.003129
0.021654
0.000000
0.000000
0.000000
0.000000
0.003874
0.053424
0.070412
0.009223
0.014465
0.024899
0.000000
0.038675
0.000541
0.007512
0.023769
0.007889
0.017466
0.014945
0.000000
0.003495
0.000000
0.024550
0.092125
0.009781
0.012901
0.000000
0.000000
0.000000
0.000000
0.000000
0.000000
0.007126
0.000000
0.000000
0.000000
0.035049
0.000000
0.000000
0.000000
0.000000
0.000000
0.000000
0.000000
0.000000
0.015550
0.008577
0.000000
0.000000
0.000000
0.000000
0.000000
0.000000
0.000000
0.000609
0.000000
0.000291
0.000000
0.000000
0.059494
0.010157
0.040347
0.000000
0.000000
0.000000
0.000000
0.032787
0.003033
0.012133
0.013434
0.000000
0.002840
0.000000
0.000000
0.000000
0.000000
0.000000
0.000000
0.000000
0.000000
0.000000
0.000000
0.002862
0.000000
0.000000
0.000000
0.000000
0.000000
0.000000
0.000000
0.000000
0.000000
0.000000
0.000000
0.000000
0.000000
0.003374
0.000000
0.000000
0.000000
0.002568
0.000000
0.000000
0.000000
0.000000
0.000000
0.009414
0.000000
0.000000
0.003355
0.000000
0.000000
0.000000
0.000000
0.000000
0.000000
0.000000
0.000000
0.000000
0.000000
0.000000
0.000000
0.000000
0.000000
0.000000
0.008306
0.000000
0.036353
0.014538
0.014409
0.008695
0.009924
0.000000
0.000000
0.000000
0.000000
0.010796
0.050893
0.021166
0.019934
0.000000
0.004211
0.000000
0.027108
0.000000
0.000000
0.000762
0.000000
0.002012
0.000000
0.000000
0.045007
0.043651
0.005054
0.000000
0.000000
0.000000
0.007214
0.000000
0.000000
0.000000
0.021345
0.000000
0.000000
0.031671
0.062728
0.011760
0.002131
0.011849
0.000000
0.032891
0.010181
0.001507
0.000000
0.000000
0.000000
0.025252
0.000000
0.012565
0.000000
0.000000
0.047283
0.014889
0.000167
0.002873
0.000000
0.000000
0.002164
