0.014129
0.014128
0.031284
0.065878
0.086444
0.096645
0.112309
0.130209
0.157790
0.089781
0.091042
0.025389
0.009583
0.011383
0.003255
0.024446
0.007531
0.009055
0.045563
0.040643
0.000060
0.024084
0.006655
0.006582
0.003359
0.043696
0.027619
0.008738
0.000003
0.020639
0.084932
0.008810
0.048435
0.054285
0.004842
0.016910
0.003027
0.015593
0.000775
0.003739
0.023784
0.007166
0.006999
0.022870
0.011774
0.011747
0.017420
0.011128
0.005384
0.012323
0.019453
0.014809
0.000434
0.053801
0.010503
0.018453
0.029624
0.001436
0.014402
0.010929
0.011500
0.035317
0.016720
0.065920
0.003722
0.002046
0.004973
0.004384
0.023052
0.005694
0.049820
0.003236
0.016709
0.002132
0.008221
0.007558
0.007702
0.021201
0.023432
0.016159
0.011156
0.006008
0.011633
0.006915
0.022673
0.010751
0.007067
0.063260
0.020499
0.058362
0.015394
0.021637
0.017546
0.004973
0.015650
0.006652
0.023302
0.008875
0.002077
0.009490
0.010718
0.000825
0.008312
0.026384
0.007035
0.002467
0.025519
0.019011
0.002771
0.000066
0.009773
0.012158
0.011049
0.099556
0.059074
0.039102
0.000208
0.003785
0.091195
0.058901
0.005687
0.004988
0.002222
0.043486
0.013372
0.006894
0.001145
0.016892
0.014241
0.004335
0.013206
0.012773
0.020387
0.003233
0.006100
0.032920
0.006473
0.017400
0.025061
0.025656
0.009615
0.023102
0.019439
0.013229
0.005080
0.040089
0.011453
0.007109
0.025113
0.010760
0.009720
0.016230
0.019918
0.010991
0.002870
0.006803
0.014915
0.006260
0.009785
0.001839
0.000525
0.003312
0.023943
0.000234
0.029284
0.037728
0.043904
0.049190
0.041602
0.059335
0.008192
0.001826
0.009133
0.012047
0.008963
0.000412
0.024453
0.018426
0.011163
0.004294
0.004256
0.009012
0.011664
0.001753
0.053613
0.034482
0.029309
0.000010
0.016246
0.011586
0.015392
0.009499
0.004934
0.011124
0.021043
0.001108
0.048859
0.036636
0.087744
0.039910
0.009005
0.024899
0.012454
0.079368
0.024623
0.070080
0.086309
0.073923
0.034099
0.016571
0.018816
0.001361
0.025241
0.030286
0.003216
0.026004
0.001520
0.024893
0.023782
0.037192
0.007336
0.013306
0.002773
0.005834
0.008592
0.030457
0.013602
0.039024
0.020654
0.017215
0.040274
0.012989
0.006598
0.006516
0.002557
0.056344
0.032972
0.014658
0.000686
0.060849
0.053888
0.037357
0.012971
0.025045
0.020963
0.009996
0.010626
0.040342
0.010192
0.015709
0.000972
0.023984
0.017725
0.003733
0.017039
0.057476
0.035833
0.040585
0.008464
0.005922
0.002485
0.003638
0.053596
0.037236
0.058083
0.056525
0.034058
0.066161
0.050242
0.087707
0.001816
0.001989
0.000396
0.025792
0.013171
0.006964
0.007548
0.004223
0.005075
0.017785
0.002691
0.005935
0.017766
0.060454
0.017847
0.009773
0.071399
0.033109
0.008102
0.008897
0.002277
0.001771
0.027584
0.026564
0.018255
0.010245
0.051357
0.033938
0.009354
0.001608
0.002030
0.039515
0.001052
0.003425
0.045348
0.062538
0.034718
0.032816
0.000818
0.003095
0.014070
0.029641
0.000429
0.000102
0.033441
0.017991
0.020215
0.004403
0.012056
0.021160
0.009732
0.008129
0.003391
0.022115
0.040151
0.001429
0.013436
0.009631
0.031743
0.006368
0.009390
0.028086
0.002355
0.025081
0.013392
0.013749
0.043731
0.041117
0.009567
0.018229
0.002790
0.005375
0.004089
0.006377
0.011070
0.001615
0.012985
0.010433
0.000077
0.030538
0.014877
0.010546
0.017405
0.027005
0.002930
0.000267
0.029416
0.004797
0.015620
0.038950
0.033420
0.003547
0.012498
0.008532
0.032696
0.020662
0.016543
0.013607
0.033224
0.007960
0.017870
0.016154
0.016077
0.037027
0.041617
0.040968
0.041984
0.007758
0.020607
0.012204
0.025474
0.032825
0.010086
0.005599
0.000491
0.034962
0.019405
0.008555
0.012229
0.013959
0.024981
0.022613
0.016586
0.004777
0.003459
0.011607
0.000924
0.003104
0.012335
0.012270
0.027528
0.023163
0.053699
0.014012
0.031055
0.058421
0.052179
0.077497
0.027776
0.028232
0.046118
0.115118
0.094505
0.063610
0.050028
0.013822
0.011611
0.008003
0.008515
0.042532
0.006216
0.029514
0.026268
0.046612
0.047273
0.039267
0.008970
0.020961
0.018214
0.021396
0.018639
0.021062
0.002407
0.002658
0.024994
0.018981
0.016408
0.044314
0.036208
0.027855
0.022745
0.009584
0.004579
0.007791
0.001791
0.013029
0.003681
0.016153
0.036560
0.060269
0.052636
0.022888
0.004970
0.009635
0.005183
0.034833
0.041855
0.037223
0.057111
0.071052
0.008582
0.024678
0.012445
0.063837
0.111728
0.103388
0.106374
0.038197
0.053034
0.015670
0.028327
0.032655
0.001530
0.005032
0.022952
0.020760
0.008416
0.002393
0.012192
0.028896
0.012135
0.011671
0.098824
0.002235
0.055532
0.020580
0.012403
0.039918
0.053267
0.034958
0.002735
0.032813
0.066188
0.055559
0.067166
0.037251
0.030226
0.010997
0.020060
0.001534
0.032827
0.008786
0.031692
0.017523
0.004571
0.027327
0.002280
0.006247
0.030017
0.028729
0.022630
0.023722
0.013799
0.016026
0.001418
0.020724
0.006096
0.025800
0.019981
0.019113
0.039365
0.037845
0.022196
0.034144
0.003741
0.007960
0.031089
0.025950
0.004589
0.015924
0.012233
0.024885
0.002020
0.000304
0.003797
0.056426
0.039884
0.030963
0.039761
0.017354
0.008116
0.008079
0.000742
0.001917
0.004996
0.014106
0.001276
0.001197
0.015281
0.002373
0.023196
0.006867
0.024175
0.021020
0.039649
0.037015
0.051608
0.021861
0.020751
0.046921
0.009160
0.015587
0.050320
0.009808
0.001116
0.022482
0.006386
0.005562
0.005099
0.003030
0.026853
0.004666
0.003635
0.049088
0.008971
0.047550
0.019226
0.012866
0.014268
0.007146
0.018677
0.051808
0.035393
0.001360
0.017811
0.003676
0.015650
0.029384
0.020487
0.038553
0.024372
0.024917
0.017747
0.022220
0.012914
0.001584
0.000387
0.009556
0.001981
0.018861
0.073314
0.009949
0.007225
0.004418
0.009309
0.011552
0.005234
0.007633
0.031946
0.043788
0.001293
0.006231
0.001806
0.000314
0.006133
0.013717
0.017392
0.004471
0.008425
0.012745
0.023044
0.020477
0.013899
0.033003
0.005805
0.003165
0.000091
0.010956
0.007229
0.002066
0.026769
0.001231
0.037624
0.020056
0.014783
0.000477
0.028191
0.010496
0.008340
0.022435
0.034796
0.027968
0.000158
0.046494
0.050126
0.007973
0.022680
0.001880
0.006048
0.029625
0.025363
0.003825
0.041930
0.003819
0.001462
0.030216
0.002397
0.014258
0.002156
0.039266
0.026063
0.031516
0.002795
0.013200
0.005632
0.008421
0.011833
0.006122
0.011958
0.007355
0.023492
0.008634
0.000863
0.011701
0.018370
0.004341
0.035253
0.044328
0.008026
0.026873
0.004334
0.009556
0.014543
0.008789
0.000966
0.011998
0.010498
0.000178
0.022080
0.001047
0.002339
0.004532
0.004979
0.011969
0.024769
0.018595
0.009049
0.030269
0.011656
0.016122
0.006707
0.001257
0.001059
0.023179
0.026322
0.003014
0.002333
0.008686
0.003444
0.021540
0.016487
0.008702
0.068300
0.046634
0.007398
0.007311
0.000154
0.003237
0.038918
0.032183
0.001051
0.060689
0.059377
0.090388
0.083014
0.026147
0.005938
0.010886
0.003036
0.055218
0.017623
0.017620
0.001839
0.032159
0.021650
0.001448
0.029716
0.001626
0.008376
0.006196
0.004726
0.020211
0.056602
0.052177
0.003209
0.039367
0.035524
0.004308
0.017025
0.011443
0.029247
0.016582
0.006484
0.012425
0.006113
0.007250
0.010390
0.020872
0.004734
0.002982
0.009056
0.011506
0.006963
0.025611
0.021421
0.009268
0.004699
0.033421
0.027513
0.123032
0.109683
0.031777
0.007781
0.032252
0.038875
0.037694
0.022439
0.004633
0.007025
0.044571
0.033863
0.048779
0.031182
0.020798
0.012259
0.010087
0.028067
0.016834
0.007240
0.003457
0.002770
0.007070
0.019598
0.015701
0.015819
0.033678
0.001111
0.032230
0.031387
0.007590
0.010821
0.004272
0.021638
0.020199
0.035066
0.011746
0.006808
0.011901
0.001587
0.006037
0.046877
0.026399
0.062482
0.021965
0.026213
0.010514
0.022296
0.007127
0.019719
0.001144
0.013760
0.009237
0.025429
0.050678
0.017662
0.026534
0.016969
0.009780
0.005693
0.017036
0.023682
0.016394
0.059546
0.024519
0.017542
0.001697
0.001332
0.018995
0.004076
0.011433
0.072087
0.067895
0.085956
0.098439
0.038741
0.008651
0.048650
0.009581
0.000290
0.001843
0.010318
0.022097
0.008093
0.040446
0.003236
0.000012
0.016612
0.013332
0.027855
0.020038
0.020729
0.004207
0.065091
0.021498
0.015788
0.020990
0.008777
0.004137
0.007789
0.005612
0.013073
0.021714
0.017437
0.011843
0.008680
0.000320
0.028777
0.007696
0.020434
0.010012
0.013924
0.010461
0.006210
0.026259
0.030392
0.000946
0.003126
0.006686
0.010151
0.031458
0.023669
0.010772
0.004414
0.002390
0.003359
0.044945
0.072271
0.048801
0.058067
0.001969
0.076232
0.047284
0.003578
0.002989
0.014407
0.001394
0.018322
0.001720
0.050392
0.005238
0.016362
0.008981
0.006500
0.014924
0.000081
0.018051
0.004669
0.002393
0.025535
0.008950
0.005687
0.003074
0.016256
0.002239
0.012119
0.005153
0.030094
0.084325
0.076890
0.036713
0.017274
0.023789
0.066222
0.070537
0.100384
0.094497
0.008092
0.007499
0.004155
0.033365
0.021264
0.035642
0.000166
0.010065
0.002784
0.022123
0.014078
0.053462
0.030843
0.031071
0.017215
0.001947
0.022106
0.005640
0.007814
0.023299
0.004282
0.034135
0.015444
0.017901
0.065367
0.006656
0.002812
0.023700
0.023082
0.003519
0.025821
0.010286
0.018533
0.066700
0.034086
0.010495
0.017744
0.042091
0.000752
0.054411
0.035788
0.065873
0.062305
0.048972
0.015277
0.026267
0.011465
0.007242
0.006455
0.038450
0.009577
0.025549
0.013895
0.017435
0.049623
0.002840
0.001809
0.020621
0.019234
0.019693
0.010979
0.031954
0.004976
0.016787
0.005668
0.017628
0.048333
0.027307
0.056961
0.005520
0.001953
0.006923
0.059838
0.078056
0.077055
0.033239
0.011898
0.000349
0.017428
0.043293
0.043101
0.053150
0.063036
0.071312
0.032088
0.036296
0.006074
0.049843
0.022252
0.050317
0.004723
0.031273
0.037532
0.021450
0.017279
0.013787
0.020413
0.041664
0.018772
0.002370
0.028029
0.011097
0.013553
0.009817
0.046487
0.042959
0.016137
0.000493
0.074900
0.072077
0.038374
0.022638
0.006858
0.014640
0.012914
0.002331
0.005101
0.008876
0.002400
0.007818
0.007163
0.060703
0.010848
0.001916
0.006730
0.000337
0.009831
0.006130
0.000178
0.015485
0.002790
0.017772
0.003912
0.018893
0.002204
0.064926
0.014507
0.041617
0.019612
0.037189
0.010925
0.021250
0.058024
0.022981
0.039447
0.001312
0.013672
0.012644
0.006482
0.008108
0.012303
0.024745
0.001412
0.036748
0.001916
0.005593
0.001567
0.003500
0.006688
0.005859
0.046637
0.031996
0.002507
0.000278
0.007793
0.043134
0.007981
0.078596
0.040049
0.068563
0.013353
0.011209
0.000826
0.022977
0.002447
0.009411
0.005723
0.001113
0.036795
0.025304
0.007996
0.011966
0.012365
0.010876
0.004310
0.001293
0.015468
0.000661
0.014263
0.006820
0.004931
0.008839
0.003616
0.021497
0.013464
0.053405
0.038048
0.025826
0.020893
0.019051
0.018875
0.012712
0.015179
0.008868
0.009855
0.008702
0.015285
0.000111
0.000743
0.003718
0.024394
0.023464
0.029584
0.042551
0.090160
0.042209
0.037443
0.015981
0.013546
0.050652
0.074106
0.053070
0.021274
0.001999
0.008540
0.001195
0.001817
0.124177
0.093673
0.094436
0.020832
0.015505
0.006298
0.000455
0.016755
0.013953
0.011347
0.028098
0.024641
0.006085
0.004485
0.004976
0.007330
0.003579
0.019695
0.001979
0.006818
0.009121
0.034911
0.017623
0.009558
0.005800
0.040407
0.012500
0.016870
0.001603
0.000497
0.065851
0.055502
0.014099
0.041730
0.033515
0.009677
0.001798
0.051370
0.039254
0.012557
0.012495
0.021588
0.018992
0.000991
0.001196
0.001578
0.049831
0.039414
0.070100
0.035546
0.036413
0.027865
0.006508
0.013289
0.009884
0.003478
0.023355
0.014312
0.026167
0.011704
0.098082
0.004610
0.002818
0.004185
0.054722
0.050427
0.040770
0.057004
0.066039
0.033914
0.050732
0.011067
0.013365
0.000997
0.000413
0.075356
0.018269
0.017986
0.027624
0.013582
0.005174
0.019530
0.012122
0.000783
0.071888
0.028448
0.016495
0.025025
0.014495
0.017576
0.031416
0.017494
0.003415
0.006700
0.006823
0.002641
0.001018
0.002835
0.008547
0.050245
0.045111
0.034790
0.055284
0.020884
0.015900
0.059506
0.005960
0.000177
0.018178
0.017874
0.004017
0.013623
0.008409
0.014224
0.053229
0.039621
0.030467
0.024435
0.005223
0.006035
0.011845
0.007662
0.030984
0.029135
0.038794
0.055565
0.132350
0.129459
0.133491
0.076261
0.009903
0.005459
0.007542
0.011719
0.008123
0.022586
0.042529
0.021065
0.012269
0.001339
0.002165
0.000647
0.004850
0.001096
0.006695
0.004875
0.004225
0.014924
0.002428
0.001769
0.029712
0.042740
0.017745
0.000245
0.024110
0.000325
0.017784
0.013397
0.001311
0.027391
0.005910
0.017589
0.009319
0.040267
0.028756
0.026781
0.013431
0.004991
0.031434
0.028085
0.008035
0.002245
0.015146
0.006775
0.034932
0.007924
0.012002
0.025245
0.022753
0.025881
0.006629
0.005914
0.055924
0.009706
0.014085
0.000703
0.014650
0.045523
0.017424
0.012327
0.002290
0.039326
0.020319
0.000731
0.029556
0.001830
0.000388
0.009962
0.006145
0.070375
0.065790
0.050631
0.018978
0.001851
0.031160
0.013891
0.005123
0.025529
0.025668
0.016936
0.007390
0.002842
0.021913
0.008981
0.001776
0.002635
0.068485
0.065764
0.066611
0.024737
0.016727
0.016312
0.018904
0.005090
0.025282
0.003239
0.007784
0.040070
0.009747
0.000860
0.008150
0.018853
0.017040
0.027802
0.000118
0.063523
0.015167
0.038793
0.055428
0.028269
0.034149
0.001002
0.026713
0.018573
0.008589
0.004499
0.001678
0.013304
0.010046
0.048505
0.046893
0.005364
0.010438
0.002468
0.027122
0.022413
0.006961
0.017057
0.029762
0.017640
0.011692
0.001915
0.061689
0.009064
0.013232
0.025677
0.020882
0.035656
0.004140
0.000959
0.014016
0.022664
0.012226
0.015873
0.002435
0.017615
0.015130
0.035473
0.018719
0.001956
0.013189
0.002656
0.000313
0.009265
0.068266
0.057772
0.040502
0.031448
0.013853
0.045548
0.046534
0.010419
0.000806
0.006384
0.004656
0.012804
0.034792
0.019122
0.029721
0.021047
0.000933
0.014679
0.031334
0.096333
0.085591
0.072836
0.060608
0.005482
0.025717
0.008500
0.012311
0.017817
0.008220
0.001652
0.006850
0.006416
0.002707
0.019335
0.000335
0.007711
0.005765
0.002157
0.002058
0.037950
0.036013
0.026408
0.025221
0.002071
0.083654
0.094155
0.080566
0.055129
0.048646
0.028815
0.009150
0.014680
0.012467
0.011758
0.010634
0.009992
0.016796
0.034125
0.023486
0.001527
0.015918
0.023768
0.019352
0.009712
0.019336
0.013785
0.016534
0.005433
0.016116
0.004329
0.001185
0.000694
0.016024
0.015069
0.008721
0.010939
0.006964
0.042032
0.040425
0.048751
0.011722
0.008252
0.007660
0.007569
0.013681
0.012997
0.007569
0.016951
0.009709
0.008006
0.001037
0.004420
0.027855
0.009129
0.005995
0.016263
0.012323
0.021408
0.010219
0.010330
0.025266
0.018923
0.018790
0.005392
0.001379
0.003872
0.012299
0.004300
0.046012
0.036502
0.043823
0.012700
0.014713
0.033771
0.026854
0.025415
0.021292
0.007933
0.025855
0.015785
0.021244
0.014457
0.061159
0.002292
0.015422
0.000923
0.005706
0.002756
0.011866
0.016264
0.014245
0.009315
0.058336
0.022964
0.027592
0.009983
0.038467
0.013890
0.006676
0.001960
0.045379
0.015947
0.014105
0.006155
0.015084
0.030109
0.011936
0.032231
0.033859
0.004244
0.039694
0.022116
0.034281
0.015246
0.000006
0.048697
0.024105
0.052708
0.025899
0.024239
0.011704
0.013133
0.008357
0.021405
0.008130
0.025447
0.028905
0.011626
0.007547
0.034361
0.015963
0.000255
0.009926
0.006771
0.008262
0.000865
0.005357
0.032895
0.024408
0.049807
0.000775
0.040641
0.053555
0.042609
0.010713
0.018761
0.047182
0.016547
0.007373
0.016497
0.100847
0.073486
0.020783
0.019133
0.005187
0.004007
0.078865
0.001379
0.005526
0.035679
0.013371
0.037650
0.027922
0.009773
0.013853
0.008279
0.072846
0.049598
0.046835
0.005985
0.014411
0.019263
0.032812
0.016135
0.023054
0.009426
0.010935
0.006988
0.004086
0.009094
0.014747
0.031539
0.089578
0.026969
0.042732
0.049982
0.003619
0.010648
0.000322
0.004692
0.003488
0.000599
0.020832
0.024674
0.008452
0.000314
0.009892
0.023388
0.014912
0.012202
0.015473
0.012921
0.000528
0.023305
0.012543
0.020314
0.008265
0.044314
0.015219
0.004802
0.002760
0.019843
0.028227
0.001207
0.023967
0.006626
0.001807
0.004239
0.009184
0.005063
0.014640
0.024433
0.013044
0.011614
0.005839
0.011631
0.008576
0.000974
0.000281
0.019050
0.021550
0.013034
0.001137
0.001398
0.043866
0.027778
0.020790
0.001710
0.081943
0.047265
0.041021
0.097922
0.087338
0.004406
0.019528
0.013168
0.064943
0.016989
0.003266
0.001070
0.017639
0.017516
0.010913
0.014324
0.024646
0.016703
0.061641
0.015541
0.027625
0.024681
0.018115
0.007218
0.024510
0.053361
0.001998
0.002734
0.044438
0.004612
0.003176
0.072031
0.012108
0.000760
0.069169
0.012746
0.003676
0.019374
0.005632
0.027876
0.007514
0.043830
0.019284
0.024201
0.023633
0.022292
0.012877
0.001141
0.007937
0.038148
0.021607
0.040254
0.016394
0.016976
0.005905
0.006001
0.004598
0.004460
0.002567
0.003124
0.027789
0.008731
0.015936
0.009627
0.034176
0.015742
0.037921
0.015739
0.033009
0.000511
0.024375
0.002216
0.002793
0.033247
0.019215
0.051371
0.014633
0.024298
0.002967
0.008302
0.033012
0.026414
0.017091
0.006018
0.017693
0.001832
0.001550
0.019295
0.017380
0.004144
0.117661
0.022882
0.005014
0.001502
0.008391
0.000490
0.015500
0.003615
0.000076
0.011450
0.022306
0.016597
0.003193
0.001471
0.019094
0.027127
0.035383
0.034455
0.028241
0.043722
0.024322
0.000581
0.020457
0.022584
0.004953
0.002078
0.014970
0.012316
0.018101
0.031543
0.022970
0.029214
0.036533
0.023843
0.027695
0.015175
0.013478
0.023838
0.009069
0.004420
0.025998
0.018457
0.000251
0.011728
0.020286
0.029117
0.017039
0.043203
0.051333
0.012146
0.006565
0.010092
0.034684
0.007198
0.007691
0.003161
0.045950
0.034706
0.006910
0.004084
0.017879
0.002322
0.003831
0.002775
0.023329
0.023504
0.041184
0.035645
0.052417
0.025849
0.000521
0.011291
0.011520
0.022022
0.000379
0.047758
0.007950
0.028485
0.016371
0.011883
0.004157
0.007003
0.016685
0.024787
0.024616
0.000859
0.007539
0.016169
0.012663
0.026404
0.010273
0.005575
0.052921
0.050718
0.006398
0.031292
0.005913
0.007503
0.014953
0.007580
0.001157
0.008992
0.025366
0.000896
0.012728
0.009505
0.002891
0.034585
0.007284
0.019588
0.093210
0.002935
0.049849
0.026365
0.020006
0.006735
0.002492
0.000781
0.002628
0.002410
0.007266
0.003812
0.000623
0.021524
0.008997
0.002635
0.026619
0.021091
0.002201
0.029338
0.025553
0.008188
0.010793
0.005946
0.026126
0.016815
0.004139
0.032104
0.000602
0.033432
0.024892
0.023686
0.000242
0.019344
0.017134
0.023173
0.003284
0.007399
0.013414
0.002702
0.004714
0.002532
0.027241
0.004190
0.035225
0.035033
0.096335
0.044065
0.030023
0.040840
0.001824
0.021059
0.004337
0.003745
0.004982
0.004033
0.014753
0.006962
0.065662
0.060455
0.056020
0.022832
0.016586
0.007126
0.018448
0.045868
0.036793
0.036406
0.028529
0.049737
0.038339
0.003093
0.001715
0.003302
0.003775
0.019444
0.003302
0.016046
0.009469
0.004511
0.024312
0.010681
0.001462
0.000641
0.021041
0.000341
0.001130
0.003920
0.003562
0.049033
0.042878
0.016862
0.017429
0.010269
0.004938
0.027945
0.002590
0.045330
0.004691
0.029451
0.022918
0.004643
0.002941
0.031954
0.052451
0.042119
0.080175
0.108757
0.049796
0.011436
0.008935
0.001946
0.004043
0.006080
0.046901
0.000404
0.039479
0.008254
0.013977
0.013868
0.010068
0.030060
0.013997
0.014699
0.004187
0.024528
0.023615
0.010190
0.015365
0.016675
0.013340
0.007139
0.000011
0.003278
0.057109
0.035518
0.001581
0.000304
0.008799
0.001825
0.004186
0.008540
0.009432
0.001657
0.062510
0.043762
0.032363
0.030226
0.015841
0.014480
0.005099
0.017224
0.011641
0.008867
0.005676
0.005690
0.000458
0.007128
0.009682
0.016223
0.035543
0.042882
0.042194
0.010615
0.007541
0.000686
0.042133
0.020540
0.004557
0.025616
0.037839
0.024452
0.010634
0.073432
0.061272
0.001735
0.000396
0.018972
0.000703
0.008318
0.136930
0.133332
0.064655
0.050009
0.049725
0.002272
0.018958
0.016638
0.081937
0.005625
0.045414
0.006228
0.020780
0.008524
0.014339
0.023275
0.024245
0.034755
0.005341
0.000654
0.079838
0.066581
0.036342
0.019841
0.000235
0.021454
0.062722
0.006375
0.008095
0.001085
0.004103
0.001222
0.016902
0.017876
0.035377
0.006814
0.004185
0.011815
0.000040
0.032803
0.049200
0.015041
0.013141
0.026347
0.000004
0.004899
0.008721
0.003348
0.019516
0.009759
0.018363
0.013674
0.088495
0.001164
0.010999
0.002239
0.022436
0.015134
0.004132
0.013636
0.049094
0.005261
0.001375
0.004978
0.026821
0.019911
0.001685
0.015047
0.036993
0.029685
0.063065
0.046365
0.020458
0.028904
0.025906
0.010443
0.033467
0.003210
0.011833
0.005538
0.002658
0.006782
0.005479
0.001093
0.021334
0.003288
0.005281
0.011507
0.014737
0.008522
0.075144
0.017190
0.026547
0.003059
0.002026
0.005780
0.020753
0.018645
0.027135
0.049144
0.022267
0.032558
0.009080
0.028840
0.022373
0.003727
0.005872
0.048833
0.037977
0.014231
0.009488
0.023933
0.019541
0.006205
0.039443
0.025133
0.001858
0.015038
0.014455
0.005866
0.002810
0.028653
0.030944
0.015303
0.030563
0.024564
0.003050
0.007949
0.023981
0.004744
0.036944
0.003117
0.003042
0.024902
0.025554
0.036571
0.011600
0.000990
0.003591
0.016370
0.047722
0.006767
0.014074
0.009939
0.047589
0.008199
0.068696
0.048053
0.104292
0.071147
0.007928
0.024614
0.035647
0.053999
0.007291
0.012716
0.001115
0.050564
0.018963
0.002240
0.019814
0.003439
0.037065
0.036041
0.017908
0.001361
0.001263
0.027091
0.086618
0.001582
0.016088
0.023934
0.003043
0.010435
0.003780
0.010531
0.022093
0.021196
0.015151
0.012896
0.020705
0.019028
0.030776
0.027842
0.009837
0.000937
0.018974
0.008683
0.013285
0.012896
0.028660
0.060804
0.004056
0.013820
0.008859
0.016135
0.014859
0.006340
0.000471
0.016340
0.005534
0.007029
0.016279
0.020867
0.018588
0.044149
0.063778
0.036889
0.004153
0.024538
0.003200
0.000241
0.006244
0.000700
0.051276
0.006094
0.005439
0.003878
0.036620
0.000410
0.032201
0.018309
0.075207
0.019958
0.001714
0.018652
0.000248
0.010518
0.011163
0.010121
0.074835
0.058742
0.030987
0.011144
0.006610
0.026867
0.016072
0.043891
0.003670
0.004388
0.020039
0.001127
0.011611
0.004678
0.006137
0.014874
0.028007
0.007657
0.010603
0.097429
0.051867
0.023170
0.032892
0.041848
0.004192
0.023089
0.016243
0.074548
0.027460
0.005634
0.013120
0.021356
0.009187
0.005687
0.048071
0.003943
0.034081
0.007201
0.009080
0.006325
0.003767
0.003237
0.007198
0.012490
0.000980
0.055164
0.036728
0.030939
0.054262
0.090558
0.078884
0.073224
0.011771
0.020984
0.013375
0.026861
0.023014
0.015326
0.021541
0.032682
0.007535
0.015305
0.011505
0.002852
0.007296
0.006199
0.029777
0.026507
0.015753
0.013379
0.012899
0.012998
0.008076
0.018645
0.016126
0.018757
0.014590
0.013996
0.005133
0.006782
0.020808
0.006484
0.003546
0.028272
0.001335
0.010319
0.046008
0.017136
0.015141
0.050041
0.046136
0.011104
0.027111
0.012619
0.001270
0.000027
0.010367
0.013989
0.007749
0.006969
0.032511
0.006792
0.000070
0.004141
0.008301
0.010055
0.021280
0.017519
0.014352
0.005869
0.031365
0.011480
0.005430
0.015089
0.007388
0.085274
0.085268
0.066308
0.063641
0.016356
0.002346
0.031261
0.007083
0.012483
0.083584
0.002039
0.024144
0.009931
0.009158
0.031008
0.013355
0.001837
0.012550
0.001573
0.002148
0.049070
0.027367
0.027267
0.010208
0.021552
0.027839
0.009648
0.010370
0.024766
0.016362
0.003620
0.032321
0.009298
0.002596
0.008545
0.003735
0.048013
0.004927
0.001686
0.011092
0.001123
0.009146
0.004884
0.045694
0.010111
0.006410
0.098005
0.089257
0.082309
0.079908
0.068771
0.056575
0.045610
0.023823
0.014524
0.022962
0.004439
0.012232
0.070068
0.015496
0.010841
0.019244
0.026000
0.034347
0.025008
0.030579
0.020113
0.010358
0.014804
0.001844
0.017904
0.034460
0.022596
0.024501
0.025356
0.011757
0.012027
0.027734
0.015828
0.007774
0.018451
0.022984
0.017776
0.003413
0.011208
0.028383
0.019053
0.031723
0.003331
0.019599
0.010286
0.023136
0.013784
0.009134
0.003927
0.021123
0.008136
0.000762
0.001676
0.003154
0.003258
0.015755
0.065790
0.056209
0.079248
0.076946
0.007399
0.032913
0.001405
0.027257
0.006672
0.001758
0.016269
0.040640
0.037955
0.044189
0.018614
0.018657
0.002491
0.001785
0.010559
0.026839
0.022472
0.010484
0.031803
0.020828
0.035906
0.012314
0.001078
0.011903
0.006930
0.018945
0.000675
0.013393
0.024938
0.032933
0.024981
0.030349
0.057046
0.007275
0.010622
0.018784
0.033663
0.009975
0.011634
0.034361
0.041143
0.012090
0.024457
0.018911
0.019913
0.004351
0.004520
0.010434
0.018822
0.000498
0.002111
0.058403
0.028215
0.001216
0.009381
0.029366
0.012117
0.013791
0.000404
0.028475
0.027603
0.015625
0.034443
0.069279
0.068152
0.020683
0.035739
0.034994
0.044655
0.023343
0.008887
0.042866
0.007401
0.050812
0.050010
0.064323
0.059601
0.046459
0.070230
0.005507
0.001043
0.000862
0.000357
0.018130
0.012322
0.010768
0.003573
0.002255
0.002344
0.021908
0.001366
0.005114
0.029964
0.019149
0.020585
0.002962
0.013211
0.030375
0.005910
0.010043
0.008937
0.005314
0.002156
0.027134
0.014465
0.005311
0.002520
0.013412
0.016304
0.042071
0.033735
0.036217
0.031197
0.054497
0.006780
0.003466
0.006464
0.004932
0.027707
0.006887
0.008423
0.004911
0.002720
0.025645
0.005438
0.031754
0.018837
0.011676
0.001675
0.008329
0.008923
0.000947
0.043867
0.067972
0.023789
0.014847
0.032280
0.026171
0.016852
0.039626
0.029050
0.007915
0.020121
0.033054
0.021130
0.014220
0.002261
0.046197
0.011796
0.015787
0.009786
0.004311
0.005849
0.027013
0.016565
0.003189
0.010440
0.003074
0.001523
0.002241
0.068949
0.042719
0.032888
0.096863
0.039169
0.006850
0.014998
0.008204
0.003754
0.045205
0.026508
0.036347
0.046812
0.030157
0.043115
0.001146
0.027053
0.043946
0.020933
0.043067
0.031773
0.034415
0.002179
0.004000
0.003388
0.005861
0.002473
0.001139
0.042977
0.009033
0.004336
0.000496
0.003018
0.130461
0.128928
0.106114
0.122459
0.096037
0.090712
0.097150
0.068635
0.090995
0.081373
0.073261
0.010700
0.001488
0.000194
0.008983
0.003763
0.021245
0.010504
0.012353
0.000777
0.047268
0.020884
0.018138
0.009069
0.007715
0.057786
0.002792
0.002155
0.005149
0.004639
0.003252
0.083739
0.079703
0.053251
0.005398
0.007119
0.002376
0.009396
0.012452
0.002159
0.010974
0.072744
0.070802
0.080705
0.060261
0.030394
0.003293
0.011709
0.007637
0.034112
0.014080
0.017162
0.010252
0.000670
0.016979
0.005340
0.002810
0.017858
0.010474
0.000947
0.011623
0.007240
0.027967
0.023575
0.034163
0.050666
0.013196
0.007744
0.014088
0.002552
0.000469
0.000164
0.033563
0.045231
0.010437
0.058603
0.063797
0.046398
0.000181
0.004213
0.008379
0.007916
0.005528
0.035568
0.025854
0.003537
0.004876
0.000237
0.012070
0.011389
0.002495
0.040673
0.028398
0.017829
0.021441
0.014607
0.007673
0.027694
0.029232
0.018711
0.028566
0.008339
0.000559
0.060792
0.008769
0.014231
0.017315
0.012300
0.011928
0.013113
0.029303
0.004740
0.005110
0.010412
0.009942
0.019293
0.007737
0.003563
0.018762
0.004966
0.023898
0.004844
0.042456
0.038219
0.010571
0.030468
0.004970
0.000390
0.000739
0.000895
0.050840
0.047731
0.005482
0.011551
0.017596
0.018733
0.012546
0.005336
0.017797
0.011165
0.003841
0.001682
0.036313
0.019255
0.011389
0.004206
0.001867
0.047334
0.042567
0.033190
0.022477
0.029730
0.037065
0.001750
0.029767
0.023369
0.083917
0.100207
0.006582
0.002993
0.004921
0.001116
0.006152
0.003123
0.009993
0.001871
0.037890
0.016058
0.006126
0.015478
0.037541
0.020760
0.001631
0.004655
0.015774
0.010661
0.012732
0.001159
0.053400
0.047459
0.003946
0.002972
0.003652
0.025725
0.040252
0.016890
0.002970
0.008572
0.020264
0.020579
0.005192
0.008944
0.001256
0.000191
0.011232
0.017343
0.015906
0.005406
0.046833
0.010751
0.008370
0.005188
0.004635
0.002916
0.043216
0.002073
0.014460
0.006077
0.033921
0.026380
0.020268
0.004197
0.005955
0.033325
0.014584
0.027636
0.003918
0.021990
0.004627
0.002219
0.023252
0.015507
0.006351
0.014697
0.000729
0.008342
0.003869
0.017368
0.009131
0.041103
0.038188
0.031964
0.014906
0.005216
0.014394
0.008951
0.008613
0.054610
0.021575
0.023740
0.065148
0.008641
0.012687
0.000805
0.016920
0.015930
0.002118
0.009950
0.013207
0.007612
0.011670
0.028550
0.014458
0.027759
0.002627
0.011822
0.018443
0.015166
0.022755
0.004985
0.001732
0.010821
0.002742
0.022585
0.019986
0.050118
0.015757
0.010191
0.004695
0.054251
0.021437
0.016425
0.012121
0.020705
0.011629
0.035586
0.025226
0.002076
0.000085
0.015486
0.095628
0.092081
0.093316
0.077862
0.125119
0.078938
0.073273
0.048461
0.095432
0.066672
0.048852
0.061380
0.046771
0.021469
0.014093
0.004908
0.003741
0.000334
0.012586
0.027134
0.004083
0.006838
0.001422
0.022701
0.014861
0.067900
0.043238
0.090222
0.090230
0.071997
0.041461
0.039540
0.058711
0.052131
0.047475
0.000552
0.000742
0.004553
0.007266
0.045341
0.016401
0.006685
0.015639
0.022451
0.002059
0.008376
0.004699
0.001913
0.017026
0.011745
0.022429
0.034186
0.045387
0.037878
0.034203
0.000962
0.059175
0.010290
0.005641
0.000377
0.003525
0.006153
0.001149
0.007056
0.019668
0.001501
0.018876
0.002100
0.053565
0.025477
0.032629
0.024798
0.000120
0.026574
0.005362
0.021798
0.007547
0.002781
0.000324
0.072476
0.053679
0.036793
0.017177
0.009307
0.066646
0.035456
0.080804
0.032029
0.028634
0.013086
0.002798
0.007419
0.023370
0.007704
0.001155
0.022688
0.020885
0.010922
0.000648
0.005360
0.004413
0.036264
0.007695
0.000351
0.012359
0.005061
0.002620
0.033508
0.040411
0.009580
0.062984
0.022154
0.010561
0.006158
0.017797
0.014827
0.003840
0.016598
0.036233
0.036404
0.011198
0.004779
0.049585
0.036648
0.039694
0.019273
0.071389
0.082963
0.060887
0.066305
0.008811
0.008215
0.036975
0.014899
0.017461
0.019804
0.009339
0.002066
0.046989
0.015891
0.003320
0.035169
0.018125
0.001979
0.000799
0.008197
0.025502
0.006088
0.078149
0.010361
0.021396
0.005853
0.012925
0.016151
0.082865
0.080384
0.081457
0.093178
0.060926
0.044931
0.035884
0.059159
0.013449
0.000235
0.005853
0.007538
0.001745
0.008581
0.004170
0.043649
0.024261
0.041632
0.002571
0.003756
0.052035
0.040935
0.078647
0.062138
0.055377
0.014477
0.016209
0.019122
0.017141
0.013972
0.024376
0.004228
0.012682
0.015637
0.008095
0.011412
0.041341
0.023781
0.017149
0.003552
0.006809
0.038106
0.003421
0.001139
0.001069
0.030692
0.007411
0.000663
0.009179
0.001003
0.018459
0.002157
0.000605
0.004621
0.000369
0.003315
0.029667
0.026144
0.012549
0.000223
0.007583
0.001982
0.018257
0.005514
0.037603
0.024367
0.003295
0.010783
0.003510
0.002000
0.001486
0.015022
0.012766
0.024873
0.040840
0.036878
0.008143
0.002804
0.017713
0.016586
0.015795
0.011206
0.040929
0.007572
0.000222
0.001885
0.011816
0.052096
0.049097
0.017900
0.016154
0.013369
0.008945
0.003677
0.020609
0.001707
0.009028
0.001240
0.000330
0.011077
0.013400
0.001051
0.026082
0.000119
0.006641
0.024263
0.015720
0.003670
0.000981
0.020642
0.013927
0.018702
0.014111
0.003016
0.002996
0.015119
0.008146
0.004975
0.037372
0.032914
0.027176
0.019301
0.029212
0.024323
0.009127
0.002681
0.007932
0.003303
0.030753
0.011387
0.028663
0.015172
0.002986
0.002187
0.034143
0.018467
0.004592
0.010247
0.015929
0.019771
0.014613
0.000012
0.016702
0.032174
0.018419
0.008873
0.019363
0.018237
0.025353
0.002995
0.004059
0.105474
0.005064
0.011139
0.015357
0.002982
0.059905
0.048594
0.069419
0.069635
0.043570
0.059123
0.001280
0.011761
0.004913
0.076071
0.060265
0.041000
0.004918
0.009539
0.007165
0.007397
0.002038
0.022424
0.005440
0.005306
0.001511
0.001821
0.017507
0.030337
0.002293
0.053806
0.011090
0.003891
0.002372
0.000606
0.002555
0.012162
0.023421
0.086745
0.059822
0.007672
0.002835
0.033457
0.023917
0.038899
0.057253
0.042257
0.053213
0.072917
0.043270
0.043760
0.031440
0.038083
0.027545
0.044230
0.023004
0.020077
0.079029
0.073171
0.039156
0.005021
0.066775
0.024217
0.004820
0.001728
0.002716
0.000322
0.042524
0.039031
0.003394
0.014992
0.008550
0.005025
0.003092
0.030613
0.011458
0.008946
0.016570
0.060928
0.047341
0.003054
0.070485
0.013534
0.006363
0.003528
0.001681
0.013807
0.008024
0.009886
0.007541
0.006900
0.038858
0.035182
0.000330
0.030333
0.000423
0.019961
0.002833
0.073688
0.036682
0.003824
0.003938
0.006651
0.001718
0.035606
0.024656
0.009829
0.012663
0.000892
0.039596
0.035063
0.018892
0.008393
0.010546
0.005640
0.073348
0.018631
0.056266
0.002154
0.026000
0.000966
0.015846
0.060735
0.012148
0.020839
0.011929
0.013097
0.015347
0.034049
0.000056
0.013026
0.063279
0.038565
0.035006
0.017538
0.002375
0.018824
0.065228
0.002618
0.001188
0.004215
0.019908
0.002186
0.029408
0.026384
0.010013
0.022338
0.010882
0.013014
0.039127
0.027625
0.005711
0.007744
0.025483
0.010135
0.032930
0.005661
0.035016
0.024309
0.007514
0.016755
0.016130
0.003094
0.025092
0.001001
0.022138
0.021436
0.036777
0.019649
0.012813
0.019297
0.006512
0.005133
0.023018
0.011390
0.077993
0.054857
0.023884
0.026563
0.011417
0.049097
0.001516
0.012496
0.021499
0.017100
0.017271
0.026247
0.014830
0.017216
0.034857
0.017826
0.016823
0.044615
0.075979
0.029790
0.007622
0.018988
0.012143
0.001427
0.012730
0.012319
0.006360
0.032385
0.030368
0.040779
0.016207
0.018754
0.027065
0.025458
0.023492
0.015829
0.022967
0.002270
0.007968
0.002723
0.003728
0.003703
0.007435
0.000867
0.007794
0.018557
0.023391
0.018717
0.009024
0.018181
0.006449
0.003533
0.010247
0.071509
0.035100
0.026966
0.024518
0.013823
0.002965
0.025960
0.013412
0.014802
0.002967
0.009726
0.002141
0.000355
0.002982
0.001890
0.053602
0.005780
0.002165
0.001493
0.021496
0.017102
0.000943
0.008865
0.000830
0.012009
0.015387
0.003125
0.018693
0.030518
0.017157
0.022337
0.014927
0.039167
0.033244
0.030045
0.054249
0.052589
0.059435
0.005530
0.010334
0.008330
0.009576
0.001943
0.000093
0.003046
0.035800
0.031545
0.035307
0.035742
0.048614
0.000011
0.020709
0.009441
0.028553
0.009427
0.006367
0.007987
0.012813
0.035958
0.021007
0.008648
0.003336
0.020547
0.013930
0.007378
0.005937
0.003443
0.015974
0.049081
0.041158
0.041438
0.004252
0.031325
0.011775
0.067274
0.019512
0.025312
0.019193
0.006546
0.007206
0.005844
0.025487
0.024117
0.018395
0.006716
0.004021
0.001186
0.000181
0.057272
0.050989
0.003921
0.012819
0.005932
0.003766
0.001312
0.007188
0.077018
0.073977
0.007368
0.012520
0.004999
0.019699
0.029723
0.013322
0.010332
0.008046
0.008202
0.009454
0.004013
0.017412
0.015364
0.027409
0.039984
0.033244
0.008347
0.000647
0.066015
0.019742
0.008528
0.014838
0.097937
0.063919
0.053145
0.027664
0.017609
0.014849
0.005535
0.047542
0.004901
0.002099
0.013957
0.005786
0.039951
0.043669
0.012711
0.012160
0.030756
0.004010
0.054009
0.057959
0.088041
0.042604
0.000391
0.011504
0.015423
0.005232
0.010512
0.009126
0.011507
0.006414
0.018251
0.002537
0.003646
0.048170
0.017731
0.052372
0.042470
0.021539
0.009898
0.008480
0.002201
0.000528
0.005484
0.005807
0.007267
0.003362
0.007418
0.003014
0.060733
0.024996
0.014627
0.057421
0.084302
0.080659
0.065850
0.079677
0.015961
0.009565
0.016491
0.003210
0.004520
0.038502
0.032662
0.008807
0.004185
0.006845
0.001915
0.012106
0.013996
0.040056
0.015846
0.012572
0.030786
0.011240
0.011399
0.021567
0.000111
0.044369
0.015592
0.002257
0.006537
0.025581
0.032155
0.023835
0.016630
0.078248
0.071152
0.006649
0.009675
0.028951
0.000552
0.034231
0.015176
0.018269
0.012748
0.008557
0.001560
0.007318
0.000468
0.005519
0.006766
0.014072
0.010997
0.047493
0.014678
0.066201
0.058354
0.041946
0.135586
0.139513
0.081324
0.058916
0.032048
0.023157
0.013383
0.012298
0.001792
0.015050
0.012424
0.000387
0.048419
0.014517
0.001118
0.045346
0.008053
0.006749
0.005743
0.012738
0.000377
0.007644
0.005357
0.025001
0.003759
0.012195
0.004939
0.001940
0.013588
0.004225
0.016542
0.014094
0.050019
0.006742
0.010874
0.048610
0.017356
0.006544
0.007998
0.010788
0.013198
0.010351
0.001377
0.014009
0.013506
0.008142
0.013159
0.005112
0.012572
0.006944
0.000816
0.020486
0.008165
0.022642
0.000604
0.043396
0.031212
0.016861
0.013546
0.026612
0.009591
0.053174
0.011428
0.005836
0.001431
0.000845
0.017549
0.005148
0.004186
0.047392
0.070530
0.059054
0.034349
0.027186
0.038588
0.036186
0.026421
0.014556
0.000022
0.003472
0.116351
0.092367
0.060972
0.049956
0.040999
0.053680
0.054898
0.025028
0.001103
0.024665
0.037863
0.036328
0.037870
0.067478
0.014608
0.003921
0.006077
0.062331
0.029975
0.002823
0.002443
0.012271
0.028209
0.023769
0.002530
0.016908
0.010328
0.004273
0.010340
0.023203
0.011231
0.008676
0.005732
0.012777
0.036600
0.023350
0.015195
0.049959
0.043555
0.055732
0.036862
0.063962
0.063874
0.008651
0.009541
0.032886
0.037260
0.040223
0.088027
0.047787
0.045339
0.062357
0.032073
0.012926
0.000473
0.045593
0.005217
0.005491
0.007868
0.028014
0.005633
0.011970
0.021060
0.012387
0.029402
0.012139
0.025511
0.003687
0.009432
0.027141
0.023988
0.008120
0.002515
0.013675
0.001966
0.057945
0.035563
0.046070
0.054304
0.033384
0.020840
0.027576
0.011911
0.018902
0.012263
0.003573
0.024977
0.035861
0.017548
0.007708
0.014131
0.002943
0.002459
0.010720
0.013115
0.002092
0.002434
0.028704
0.017293
0.015766
0.113247
0.035015
0.062558
0.065557
0.056263
0.047280
0.076914
0.039245
0.014036
0.007329
0.019022
0.046214
0.027393
0.008786
0.007867
0.022415
0.009122
0.008395
0.004960
0.003176
0.035671
0.032803
0.054548
0.034555
0.028717
0.004400
0.027102
0.012647
0.024624
0.027947
0.013489
0.011213
0.000425
0.010059
0.037409
0.004469
0.009143
0.069596
0.083019
0.070633
0.022094
0.017547
0.010385
0.001792
0.025007
0.016826
0.050679
0.006209
0.006617
0.005457
0.004580
0.019441
0.048020
0.004337
0.000230
0.004793
0.005104
0.009729
0.006312
0.001573
0.047938
0.029115
0.038285
0.043197
0.006992
0.011247
0.044844
0.008669
0.005312
0.036785
0.025755
0.033010
0.000100
0.037640
0.021777
0.000817
0.000518
0.028646
0.008616
0.003324
0.026973
0.059824
0.057484
0.037405
0.060030
0.023436
0.011879
0.009703
0.004944
0.018628
0.042599
0.031461
0.051081
0.018705
0.030390
0.011436
0.010406
0.002079
0.031385
0.007052
0.011202
0.003882
0.037121
0.034249
0.003792
0.023153
0.009575
0.008439
0.001932
0.006841
0.056146
0.059298
0.027504
0.029641
0.005332
0.017857
0.101956
0.049590
0.035955
0.022024
0.023002
0.012741
0.010396
0.002475
0.048861
0.019645
0.015111
0.000334
0.002294
0.012649
0.043543
0.000127
0.051780
0.023170
0.037816
0.022908
0.016492
0.013701
0.019798
0.004394
0.009580
0.007734
0.014305
0.013723
0.007207
0.005521
0.020630
0.023111
0.005501
0.003324
0.022290
0.008858
0.089281
0.067749
0.037026
0.029204
0.005707
0.027241
0.005048
0.014361
0.001665
0.023416
0.013279
0.018942
0.001017
0.032381
0.019172
0.016346
0.021459
0.062095
0.074338
0.027653
0.026958
0.028251
0.051063
0.040202
0.031923
0.007170
0.001755
0.017258
0.008712
0.032860
0.025048
0.027746
0.017290
0.009421
0.014812
0.012112
0.026718
0.022514
0.016220
0.008754
0.000711
0.040158
0.028614
0.015530
0.003240
0.035173
0.029426
0.006548
0.045943
0.034036
0.028366
0.006322
0.013233
0.011694
0.005052
0.005480
0.009585
0.002437
0.002896
0.027192
0.006712
0.049083
0.037229
0.005201
0.035553
0.000183
0.029644
0.020699
0.002011
0.004379
0.010916
0.027849
0.021216
0.002157
0.001999
0.011545
0.017338
0.012603
0.011943
0.021682
0.023813
0.010423
0.015493
0.008898
0.004578
0.045119
0.013540
0.042729
0.031107
0.014765
0.007971
0.003804
0.098529
0.028907
0.032995
0.115072
0.029240
0.013972
0.005941
0.045940
0.035316
0.000936
0.043560
0.033148
0.022852
0.019537
0.006247
0.025069
0.025933
0.021851
0.035101
0.041241
0.001929
0.000278
0.004528
0.003029
0.066082
0.033961
0.003678
0.022948
0.006483
0.017621
0.023041
0.070292
0.069759
0.039860
0.017088
0.007361
0.017979
0.024189
0.030919
0.029849
0.025361
0.011234
0.000747
0.004094
0.002918
0.000374
0.000382
0.005978
0.047103
0.046053
0.002264
0.002434
0.023245
0.003301
0.016750
0.001698
0.004701
0.015016
0.006948
0.045224
0.037150
0.038924
0.035666
0.024315
0.005071
0.011280
0.008622
0.010472
0.005971
0.004620
0.004865
0.003864
0.009889
0.027503
0.050732
0.014824
0.008689
0.004810
0.025066
0.009189
0.022540
0.000983
0.000078
0.017606
0.017418
0.003207
0.013591
0.021122
0.010295
0.011672
0.076944
0.045681
0.018847
0.001398
0.025640
0.031902
0.004356
0.042756
0.029342
0.019561
0.014642
0.036849
0.008503
0.018655
0.013173
0.005783
0.000327
0.008493
0.003002
0.028049
0.004629
0.006945
0.033260
0.010384
0.001175
0.016722
0.077582
0.017839
0.031988
0.009488
0.000439
0.016423
0.002096
0.011303
0.003781
0.000644
0.015788
0.001980
0.012915
0.001518
0.000055
0.007326
0.044282
0.011469
0.000779
0.012098
0.012199
0.017141
0.006622
0.009766
0.026968
0.049277
0.023673
0.018244
0.071091
0.053693
0.037076
0.030253
0.001049
0.002746
0.007435
0.001000
0.012377
0.005883
0.006140
0.005573
0.000659
0.044257
0.013924
0.015523
0.003022
0.036107
0.005832
0.048401
0.022596
0.015780
0.001744
0.010587
0.008038
0.023074
0.051131
0.088625
0.072000
0.073888
0.078851
0.022182
0.060027
0.054774
0.005602
0.053048
0.119664
0.113960
0.104823
0.079926
0.031133
0.020618
0.028177
0.006467
0.042172
0.008536
0.024006
0.003822
0.018352
0.001596
0.041524
0.017566
0.014683
0.007734
0.001785
0.074391
0.069564
0.048798
0.025605
0.014828
0.104885
0.101429
0.071412
0.056224
0.012342
0.010598
0.000023
0.035526
0.032462
0.024174
0.017802
0.004420
0.028266
0.001325
0.021874
0.007237
0.007083
0.031214
0.023043
0.021042
0.007334
0.018386
0.003398
0.002080
0.015686
0.011212
0.017633
0.012481
0.026220
0.023568
0.002189
0.007452
0.034549
0.003742
0.001027
0.009688
0.050933
0.034318
0.070480
0.023068
0.022030
0.004525
0.008768
0.007025
0.013850
0.007341
0.005517
0.018278
0.010970
0.001196
0.009656
0.035874
0.013028
0.007736
0.014247
0.003134
0.003025
0.013509
0.025026
0.030917
0.000079
0.001752
0.013905
0.007568
0.006451
0.027228
0.070746
0.003060
0.028992
0.026031
0.042466
0.035774
0.006651
0.002110
0.081763
0.052068
0.050639
0.031771
0.047794
0.069077
0.014500
0.020362
0.016043
0.037644
0.070601
0.053761
0.022944
0.012568
0.016610
0.002747
0.000954
0.000937
0.009297
0.043091
0.020693
0.059383
0.010836
0.016214
0.008654
0.010217
0.035842
0.035036
0.058064
0.056321
0.029493
0.041253
0.014273
0.020770
0.011787
0.028652
0.026427
0.123025
0.117213
0.107053
0.120446
0.064279
0.090243
0.113927
0.102187
0.036213
0.069017
0.029518
0.061429
0.063856
0.083600
0.053392
0.018910
0.006460
0.000832
0.019779
0.013399
0.004339
0.020179
0.012839
0.019321
0.000319
0.007641
0.035435
0.001692
0.041757
0.016004
0.012367
0.007972
0.007590
0.040917
0.034649
0.000547
0.003564
0.028199
0.017319
0.011083
0.028403
0.022479
0.055267
0.047228
0.055962
0.063768
0.117101
0.097443
0.086542
0.005627
0.001818
0.027987
0.008989
0.046299
0.003657
0.033527
0.019808
0.028979
0.033472
0.032827
0.019665
0.018444
0.016385
0.010668
0.009810
0.014894
0.018578
0.035245
0.010793
0.000069
0.002014
0.016131
0.014531
0.013296
0.011882
0.008202
0.045362
0.006333
0.014001
0.012090
0.002993
0.015703
0.000249
0.012138
0.011044
0.034792
0.000964
0.009299
0.006471
0.032100
0.049080
0.037644
0.030718
0.052918
0.022929
0.026718
0.053552
0.034692
0.011071
0.023981
0.017446
0.042941
0.015784
0.045207
0.008193
0.051047
0.039082
0.042222
0.003952
0.015518
0.020515
0.050579
0.042259
0.008275
0.013954
0.053258
0.016485
0.053253
0.001357
0.042314
0.004524
0.005050
0.012710
0.007651
0.007397
0.011332
0.015891
0.011245
0.012733
0.023722
0.012829
0.037071
0.002058
0.040298
0.008446
0.004897
0.002494
0.021823
0.019130
0.026860
0.059070
0.057969
0.052775
0.072456
0.041046
0.019985
0.024693
0.013062
0.010568
0.001513
0.017420
0.003568
0.049370
0.008805
0.004614
0.054795
0.044565
0.003454
0.008706
0.059813
0.010322
0.044650
0.031541
0.023573
0.012206
0.010884
0.007920
0.002239
0.016650
0.013465
0.028985
0.002360
0.019398
0.029956
0.092996
0.033819
0.032971
0.048615
0.053430
0.070037
0.080856
0.054150
0.027076
0.001066
0.007321
0.005035
0.023722
0.008978
0.033621
0.016478
0.013854
0.031865
0.030909
0.012950
0.024602
0.043805
0.029512
0.059781
0.046580
0.032319
0.031439
0.017782
0.009572
0.042405
0.029007
0.009453
0.011924
0.011716
0.020016
0.026915
0.021181
0.017497
0.003777
0.004443
0.018555
0.038154
0.001261
0.018461
0.017074
0.058818
0.045471
0.024669
0.005832
0.016191
0.013467
0.033140
0.000639
0.026436
0.018115
0.015135
0.006940
0.040291
0.013884
0.003956
0.011173
0.072730
0.035922
0.006640
0.001481
0.001085
0.005333
0.069193
0.059199
0.000289
0.010059
0.002263
0.004997
0.003228
0.047976
0.052912
0.011833
0.013254
0.033961
0.011853
0.006372
0.013903
0.015024
0.017363
0.020832
0.014492
0.015676
0.000280
0.000181
0.048784
0.030549
0.029879
0.018798
0.024640
0.007404
0.003174
0.000150
0.020033
0.036251
0.005032
0.024175
0.004859
0.037265
0.037030
0.035285
0.101982
0.126554
0.069879
0.046576
0.094035
0.109424
0.109604
0.019405
0.009289
0.008922
0.013944
0.025674
0.026878
0.037721
0.021507
0.005523
0.035005
0.000599
0.017065
0.002320
0.009127
0.022102
0.021502
0.028705
0.035997
0.040948
0.005226
0.001133
0.003570
0.013452
0.012716
0.022248
0.014695
0.048048
0.046816
0.047908
0.004120
0.035905
0.024682
0.025700
0.033741
0.032474
0.024205
0.002410
0.015904
0.002147
0.013826
0.003035
0.004610
0.062335
0.025269
0.034915
0.022724
0.012487
0.008185
0.004792
0.003704
0.000986
0.022781
0.014882
0.018287
0.007935
0.011125
0.016503
0.012657
0.021818
0.015335
0.029975
0.005768
0.015003
0.047737
0.016628
0.004965
0.002336
0.018079
0.019837
0.008270
0.006137
0.011881
0.006854
0.018369
0.014949
0.096173
0.062675
0.005476
0.000663
0.017156
0.006002
0.001289
0.006310
0.000557
0.043672
0.016196
0.008016
0.041890
0.005013
0.008934
0.003365
0.016603
0.015343
0.074535
0.045876
0.044771
0.029789
0.023322
0.012968
0.004112
0.022796
0.000583
0.008399
0.007970
0.020583
0.019185
0.036146
0.030969
0.036395
0.026947
0.075986
0.015500
0.010491
0.020348
0.000337
0.029058
0.018603
0.004162
0.018176
0.002903
0.014676
0.010123
0.001777
0.030595
0.018465
0.031388
0.031829
0.017037
0.011997
0.000968
0.004150
0.025011
0.000008
0.003443
0.003124
0.004871
0.001706
0.034916
0.027868
0.028584
0.010864
0.006460
0.026873
0.009981
0.000883
0.011455
0.007245
0.032082
0.002446
0.035985
0.026557
0.046658
0.020743
0.034536
0.004197
0.015861
0.011861
0.016407
0.052594
0.017653
0.066310
0.064188
0.006618
0.012390
0.014819
0.035610
0.004081
0.014255
0.010641
0.001556
0.016626
0.006213
0.005498
0.026112
0.035832
0.021586
0.012688
0.024291
0.021640
0.022788
0.005024
0.009213
0.004548
0.031147
0.029059
0.072435
0.070020
0.069554
0.061907
0.068428
0.069802
0.002602
0.011665
0.017643
0.000879
0.013124
0.001003
0.032195
0.005077
0.002732
0.015374
0.002634
0.000242
0.010467
0.020173
0.002163
0.025380
0.013124
0.002355
0.014852
0.004524
0.008879
0.007659
0.006957
0.025272
0.032046
0.018930
0.004394
0.044412
0.022220
0.001256
0.005572
0.016727
0.008543
0.001281
0.008377
0.015507
0.002754
0.027824
0.009788
0.012638
0.004725
0.007401
0.000302
0.006631
0.011382
0.000984
0.004884
0.045703
0.010116
0.006421
0.102760
0.099394
0.100316
0.089004
0.066568
0.101943
0.001978
0.010282
0.018515
0.066002
0.043701
0.008769
0.031986
0.015892
0.003018
0.002915
0.014191
0.040531
0.014733
0.006790
0.051719
0.042157
0.052488
0.051417
0.036370
0.007543
0.086987
0.070752
0.130824
0.164948
0.184120
0.120265
0.114189
0.020780
0.017938
0.021098
0.013729
0.000840
0.017703
0.005685
0.001814
0.003177
0.001475
0.004339
0.018772
0.007741
0.002137
0.001030
0.004115
0.022577
0.010373
0.005618
0.025332
0.002314
0.000830
0.004673
0.049943
0.034436
0.019990
0.002267
0.001222
0.000773
0.021298
0.016002
0.036266
0.023845
0.020131
0.054445
0.033392
0.014267
0.018086
0.019257
0.003259
0.004094
0.025630
0.022838
0.014054
0.033875
0.006112
0.003174
0.010893
0.005133
0.012400
0.007719
0.029678
0.002846
0.015249
0.001285
0.009826
0.034971
0.026985
0.035612
0.022762
0.063776
0.063120
0.099812
0.085803
0.118932
0.097241
0.088504
0.123867
0.095148
0.072535
0.010209
0.010635
0.032821
0.000878
0.001883
0.070875
0.073517
0.054097
0.047761
0.054980
0.025341
0.021994
0.026424
0.061840
0.050070
0.055506
0.047027
0.046800
0.047335
0.053171
0.067781
0.060394
0.067058
0.012164
0.000441
0.020442
0.018548
0.030443
0.003571
0.033146
0.011865
0.003284
0.011429
0.012255
0.028341
0.008560
0.004028
0.038667
0.012960
0.002856
0.008750
0.061876
0.039131
0.013015
0.005026
0.006916
0.014370
0.017697
0.036244
0.015907
0.003808
0.006723
0.003148
0.004791
0.061825
0.026568
0.038808
0.010749
0.026655
0.018780
0.068665
0.003487
0.005400
0.069408
0.064806
0.039565
0.027976
0.005331
0.035835
0.073401
0.120985
0.031983
0.068302
0.059494
0.053423
0.040953
0.062291
0.051552
0.024812
0.048542
0.047411
0.007994
0.026011
0.010727
0.037976
0.024600
0.022136
0.007017
0.035812
0.024927
0.003825
0.008093
0.003982
0.013430
0.001633
0.046338
0.036096
0.026183
0.004929
0.021634
0.020757
0.045079
0.043564
0.008541
0.020742
0.015367
0.034712
0.002315
0.004807
0.007516
0.055485
0.019332
0.005480
0.014505
0.009484
0.014065
0.010163
0.024913
0.038736
0.053148
0.041155
0.036862
0.002870
0.020305
0.021785
0.003676
0.043201
0.020703
0.044213
0.055972
0.053161
0.077470
0.012679
0.004260
0.049403
0.025682
0.002372
0.000304
0.000628
0.001024
0.000424
0.020246
0.026008
0.003382
0.002638
0.011107
0.010715
0.001759
0.011587
0.057411
0.023915
0.050995
0.036032
0.041323
0.004618
0.005795
0.031672
0.013085
0.021539
0.001699
0.008698
0.068012
0.045252
0.000685
0.007004
0.069413
0.029288
0.000111
0.047037
0.046721
0.035891
0.007167
0.058161
0.053040
0.005611
0.014286
0.038620
0.011146
0.005412
0.034392
0.015380
0.003870
0.001903
0.044708
0.020463
0.006570
0.016626
0.038202
0.030071
0.033501
0.034293
0.004633
0.016699
0.015670
0.012872
0.013768
0.004556
0.018529
0.000255
0.006836
0.010407
0.031186
0.000679
0.051761
0.006614
0.008228
0.011599
0.016119
0.007100
0.023475
0.011228
0.006313
0.001911
0.005941
0.014678
0.010236
0.054888
0.007891
0.014712
0.003415
0.003366
0.010447
0.001588
0.020228
0.004681
0.009601
0.006873
0.044379
0.021954
0.000349
0.023054
0.022104
0.111963
0.063763
0.019814
0.036297
0.043033
0.117792
0.093120
0.017439
0.022944
0.005679
0.044462
0.001825
0.009829
0.002273
0.019707
0.058701
0.041307
0.031440
0.051737
0.070217
0.069597
0.002094
0.020777
0.009312
0.019362
0.001065
0.004125
0.021760
0.003716
0.039014
0.004008
0.006371
0.108948
0.009711
0.011000
0.000573
0.004292
0.057161
0.039834
0.034598
0.044359
0.014475
0.031691
0.073031
0.018397
0.011285
0.007486
0.000455
0.016152
0.077520
0.042331
0.035090
0.051435
0.054676
0.071204
0.027288
0.003408
0.002463
0.003681
0.001164
0.028361
0.018137
0.009351
0.007151
0.028737
0.022404
0.002313
0.014615
0.000841
0.009944
0.001276
0.023060
0.019490
0.013678
0.006661
0.002929
0.003878
0.032410
0.005456
0.002455
0.012050
0.024975
0.024853
0.007451
0.015544
0.010649
0.014511
0.007774
0.004005
0.002928
0.001738
0.005034
0.017918
0.001885
0.008052
0.028456
0.023481
0.010355
0.006733
0.061003
0.037384
0.001527
0.040337
0.032896
0.033569
0.025063
0.022818
0.029790
0.011221
0.014879
0.005143
0.013923
0.007936
0.084040
0.082546
0.074231
0.000696
0.016254
0.005895
0.014171
0.006008
0.024901
0.020783
0.009974
0.011449
0.010593
0.002215
0.008337
0.002981
0.020498
0.017489
0.028214
0.101505
0.041105
0.036819
0.013975
0.019569
0.034375
0.023312
0.038209
0.009898
0.022651
0.029023
0.056612
0.068455
0.055640
0.012373
0.032955
0.032465
0.021258
0.042585
0.006436
0.021274
0.011478
0.019754
0.029646
0.024733
0.051020
0.048251
0.082511
0.068686
0.064048
0.060486
0.116934
0.120244
0.118858
0.100433
0.065165
0.056407
0.047336
0.038304
0.023064
0.027355
0.008773
0.007913
0.023276
0.003510
0.019260
0.007006
0.002069
0.033606
0.018762
0.009788
0.001230
0.034814
0.041776
0.023707
0.038431
0.027997
0.016144
0.018177
0.008770
0.018437
0.073064
0.160720
0.139334
0.154741
0.079128
0.020463
0.035065
0.015836
0.036150
0.015442
0.011822
0.000746
0.002615
0.010533
0.009701
0.015574
0.008692
0.013753
0.024977
0.035566
0.015014
0.014981
0.007686
0.010869
0.018054
0.026495
0.024839
0.084810
0.040596
0.042303
0.000356
0.001334
0.001069
0.033867
0.015807
0.023558
0.010063
0.002823
0.002276
0.010648
0.015699
0.013363
0.061413
0.004237
0.015239
0.013628
0.013446
0.063921
0.046557
0.024578
0.005002
0.035014
0.063830
0.010250
0.014067
0.007366
0.004432
0.008049
0.004200
0.001405
0.019005
0.003349
0.005754
0.002269
0.007112
0.003569
0.037076
0.009120
0.001042
0.038868
0.022725
0.033130
0.051359
0.023306
0.009983
0.037361
0.012123
0.001711
0.005520
0.025558
0.003486
0.007689
0.012703
0.049492
0.003174
0.016464
0.006956
0.008669
0.003421
0.006181
0.010713
0.001683
0.017906
0.045320
0.053329
0.027889
0.006468
0.017551
0.009090
0.021334
0.038921
0.002904
0.151554
0.057343
0.058427
0.038117
0.039732
0.010139
0.015681
0.018712
0.007231
0.005390
0.018551
0.013799
0.012324
0.004419
0.052007
0.025388
0.000177
0.009626
0.007100
0.006330
0.041261
0.029595
0.054772
0.064881
0.059382
0.055504
0.058873
0.058336
0.056795
0.012101
0.004188
0.051169
0.031340
0.005168
0.005570
0.002386
0.018288
0.002333
0.000596
0.018553
0.016373
0.035209
0.008235
0.007030
0.044392
0.015207
0.019232
0.020363
0.018954
0.006987
0.074424
0.059307
0.044894
0.060411
0.042457
0.018802
0.005463
0.012813
0.005819
0.003200
0.014962
0.040215
0.008429
0.004927
0.002762
0.026074
0.005879
0.037936
0.015270
0.017344
0.061162
0.034501
0.027204
0.111459
0.030854
0.015357
0.011943
0.030554
0.011533
0.018365
0.023745
0.019042
0.066817
0.097423
0.005982
0.014581
0.028936
0.017029
0.039040
0.043226
0.041417
0.000158
0.032321
0.000196
0.021780
0.000297
0.050499
0.019178
0.023168
0.014889
0.021885
0.027332
0.019449
0.035640
0.073325
0.069143
0.089581
0.083078
0.104898
0.119399
0.093942
0.081330
0.006376
0.000841
0.000082
0.001726
0.017643
0.016276
0.012777
0.015729
0.001009
0.000837
0.029608
0.005326
0.003199
0.065996
0.012036
0.010271
0.003026
0.009952
0.002535
0.001272
0.005668
0.066370
0.056482
0.060944
0.055618
0.039725
0.053772
0.040209
0.033000
0.032039
0.015259
0.035040
0.020035
0.034353
0.008989
0.024793
0.070762
0.060682
0.057604
0.082702
0.022431
0.004440
0.001120
0.005709
0.005147
0.038102
0.051425
0.095545
0.045482
0.062850
0.007551
0.012703
0.006727
0.010229
0.027621
0.003551
0.027263
0.007331
0.014396
0.006860
0.000417
0.009902
0.004750
0.020378
0.060394
0.031524
0.017764
0.002425
0.001285
0.009848
0.004253
0.015120
0.012751
0.080481
0.055806
0.030300
0.002189
0.032086
0.028019
0.042861
0.027054
0.026240
0.036067
0.031699
0.000542
0.018795
0.007920
0.009031
0.004147
0.026958
0.017632
0.022868
0.003648
0.003570
0.011357
0.003332
0.043670
0.042956
0.077549
0.082752
0.090658
0.007578
0.012431
0.004350
0.042110
0.018240
0.006012
0.008691
0.002357
0.004878
0.014552
0.000340
0.037426
0.032849
0.023652
0.020463
0.005525
0.004599
0.000714
0.006092
0.007317
0.011120
0.028464
0.015287
0.074511
0.057083
0.015997
0.007632
0.035926
0.034060
0.017904
0.001435
0.007134
0.004310
0.014964
0.013113
0.008209
0.004107
0.122032
0.097508
0.098610
0.065270
0.005165
0.025584
0.018183
0.002227
0.073778
0.024175
0.034097
0.028978
0.021489
0.013393
0.074643
0.061139
0.016754
0.014818
0.055375
0.050809
0.067768
0.096316
0.029798
0.003232
0.001717
0.002098
0.035602
0.002923
0.004809
0.001133
0.007410
0.010409
0.018317
0.009755
0.053527
0.047821
0.019809
0.024914
0.009236
0.006606
0.011968
0.003281
0.024725
0.010372
0.006660
0.001711
0.018692
0.091086
0.073316
0.006492
0.008609
0.021593
0.029657
0.028894
0.012618
0.023209
0.009260
0.032383
0.010640
0.004297
0.007926
0.004804
0.005725
0.014955
0.049822
0.032446
0.013742
0.006479
0.001742
0.046171
0.021924
0.018521
0.012041
0.005216
0.010068
0.006930
0.002473
0.066558
0.029046
0.039425
0.033248
0.021795
0.000887
0.058478
0.030976
0.023010
0.006184
0.007695
0.012871
0.057548
0.008991
0.000383
0.024681
0.004146
0.018095
0.048859
0.030947
0.131086
0.047123
0.045921
0.046943
0.001043
0.014883
0.029416
0.025320
0.057996
0.081921
0.079352
0.073818
0.087820
0.076733
0.089786
0.071668
0.073484
0.095122
0.086330
0.074878
0.048379
0.053166
0.072519
0.058583
0.132319
0.086745
0.099440
0.096398
0.078368
0.088364
0.085639
0.125660
0.125671
0.090841
0.034366
0.051781
0.014779
0.013328
0.016769
0.036020
0.025659
0.029804
0.021008
0.006645
0.002359
0.000649
0.002953
0.015703
0.008610
0.010641
0.031658
0.021128
0.107418
0.048857
0.008350
0.010859
0.009859
0.013216
0.008392
0.018332
0.012999
0.009437
0.002945
0.006541
0.024479
0.011225
0.000409
0.001844
0.008592
0.008323
0.035531
0.018216
0.018861
0.042966
0.042950
0.059314
0.008107
0.003436
0.036486
0.035353
0.002109
0.049681
0.036487
0.035698
0.014566
0.001816
0.023314
0.005791
0.004155
0.003848
0.001995
0.028826
0.029877
0.026225
0.029967
0.001669
0.031707
0.027789
0.013466
0.017366
0.013316
0.004580
0.025195
0.012403
0.005639
0.004542
0.060127
0.034046
0.018756
0.015200
0.007500
0.085837
0.065661
0.124481
0.044302
0.040601
0.036863
0.065423
0.079749
0.073403
0.060161
0.054219
0.037930
0.014070
0.034011
0.006205
0.003415
0.001705
0.007686
0.027804
0.017961
0.025842
0.016236
0.042975
0.109892
0.083462
0.010405
0.014725
0.069421
0.066633
0.032741
0.045661
0.048158
0.008132
0.029503
0.007351
0.013865
0.051235
0.047456
0.042315
0.041658
0.030269
0.016280
0.007536
0.028022
0.021354
0.000951
0.000512
0.004331
0.014125
0.013351
0.003113
0.001369
0.000994
0.021375
0.017548
0.005822
0.025502
0.013412
0.006689
0.034264
0.023247
0.012889
0.024208
0.062358
0.147417
0.153625
0.146154
0.094514
0.092525
0.123082
0.121615
0.029686
0.030860
0.027339
0.053724
0.003836
0.035670
0.001655
0.043795
0.020092
0.031817
0.030727
0.105815
0.087146
0.057789
0.046224
0.066766
0.020812
0.015159
0.044835
0.006908
0.021073
0.028678
0.028674
0.032960
0.005988
0.015249
0.002339
0.023397
0.004553
0.041788
0.010120
0.009351
0.011970
0.013267
0.003539
0.004899
0.001917
0.013919
0.005712
0.038641
0.024432
0.052980
0.017136
0.038475
0.035589
0.003313
0.051011
0.005325
0.001532
0.005553
0.033198
0.028042
0.016576
0.011435
0.007698
0.003378
0.020730
0.034108
0.005409
0.002421
0.002182
0.028750
0.046982
0.010174
0.005353
0.024759
0.001572
0.009400
0.043505
0.038551
0.030676
0.001950
0.005119
0.009563
0.008575
0.007317
0.009309
0.007734
0.026318
0.019363
0.003208
0.010526
0.003249
0.002009
0.003800
0.003871
0.012013
0.003212
0.022751
0.029855
0.021554
0.028881
0.046808
0.053272
0.083669
0.051019
0.080233
0.037493
0.019046
0.012368
0.054592
0.023236
0.002914
0.009380
0.001216
0.035654
0.007554
0.015027
0.013497
0.002503
0.002993
0.027068
0.007784
0.001014
0.008466
0.013710
0.052474
0.053739
0.063009
0.051418
0.058526
0.020271
0.028650
0.047398
0.036950
0.035689
0.043393
0.016961
0.009656
0.003966
0.029774
0.003370
0.034446
0.015537
0.031996
0.035738
0.024863
0.035079
0.007556
0.009081
0.007342
0.012921
0.001448
0.074651
0.052926
0.029926
0.028070
0.078412
0.073094
0.076212
0.050184
0.021720
0.003341
0.001061
0.038158
0.007513
0.012122
0.010263
0.005462
0.024849
0.002633
0.004046
0.080129
0.051623
0.049179
0.026380
0.004093
0.004666
0.019366
0.011687
0.100113
0.068308
0.073865
0.122603
0.117562
0.031207
0.046379
0.042866
0.056579
0.000442
0.003863
0.000115
0.008725
0.003445
0.020865
0.013560
0.001045
0.023359
0.011108
0.012777
0.016676
0.014055
0.028090
0.023633
0.017855
0.027047
0.005931
0.002383
0.000973
0.010464
0.002026
0.028531
0.027010
0.015076
0.013652
0.014167
0.039608
0.041837
0.004773
0.008988
0.004492
0.003372
0.018274
0.005409
0.045915
0.040284
0.003569
0.060682
0.006309
0.017799
0.016696
0.005210
0.007885
0.005103
0.007913
0.005529
0.001785
0.012214
0.002608
0.012144
0.016336
0.011290
0.012633
0.039362
0.037422
0.032258
0.037811
0.117320
0.090459
0.140259
0.037277
0.071534
0.042382
0.028754
0.020789
0.017497
0.000956
0.001559
0.000603
0.012146
0.015714
0.002388
0.018588
0.002781
0.013079
0.029499
0.005261
0.007977
0.039778
0.003478
0.002056
0.002074
0.022442
0.008909
0.003286
0.033288
0.025438
0.014689
0.033345
0.005157
0.015229
0.003355
0.000780
0.023034
0.037857
0.023325
0.006690
0.003263
0.005834
0.004499
0.017562
0.002739
0.008390
0.052380
0.036778
0.051463
0.033669
0.038154
0.029177
0.015817
0.009522
0.003270
0.009264
0.042691
0.040575
0.036618
0.021112
0.004504
0.000162
0.017538
0.015257
0.039986
0.033623
0.028668
0.052850
0.008246
0.018514
0.015682
0.026947
0.012391
0.000897
0.054861
0.047216
0.051873
0.004033
0.027760
0.004355
0.006823
0.063517
0.051140
0.021650
0.014545
0.001602
0.019913
0.013647
0.004362
0.018636
0.001676
0.030131
0.025503
0.004404
0.016524
0.030525
0.015439
0.002799
0.030168
0.028669
0.001564
0.020881
0.002725
0.028817
0.012588
0.039245
0.037086
0.000176
0.004337
0.004086
0.007275
0.003455
0.002509
0.005209
0.007466
0.002827
0.029947
0.020819
0.019112
0.031112
0.024058
0.046160
0.048593
0.058034
0.064540
0.059230
0.049463
0.047570
0.034179
0.001700
0.001580
0.023115
0.013646
0.024876
0.002791
0.070216
0.065453
0.061406
0.025903
0.004536
0.027847
0.023059
0.014121
0.003080
0.024427
0.036856
0.018016
0.064346
0.030125
0.041855
0.036275
0.044877
0.067069
0.087755
0.008187
0.005483
0.028419
0.039583
0.022620
0.027867
0.019779
0.018805
0.017905
0.018080
0.003809
0.015018
0.019700
0.055922
0.042273
0.078580
0.050601
0.042584
0.029959
0.011751
0.009090
0.073332
0.012697
0.030434
0.040031
0.030924
0.006387
0.012508
0.003610
0.021682
0.014295
0.000760
0.000725
0.009011
0.003648
0.001888
0.014630
0.023570
0.002117
0.004623
0.008089
0.002765
0.021497
0.036165
0.000154
0.086196
0.018093
0.018674
0.022759
0.028877
0.008305
0.001663
0.006767
0.000952
0.016488
0.001031
0.001471
0.067200
0.019623
0.003812
0.023132
0.016950
0.004029
0.035965
0.007526
0.006520
0.006496
0.000141
0.023512
0.010888
0.004667
0.008683
0.005199
0.001407
0.016572
0.008990
0.000257
0.020920
0.010104
0.042594
0.034276
0.004116
0.014282
0.010322
0.026148
0.023173
0.012856
0.017285
0.003128
0.000210
0.024675
0.006848
0.024485
0.001077
0.013984
0.010735
0.002753
0.000858
0.000869
0.038479
0.027004
0.025198
0.019735
0.015358
0.005240
0.011036
0.012141
0.037308
0.043192
0.034344
0.051442
0.034602
0.040898
0.041135
0.003413
0.034095
0.001732
0.001223
0.013018
0.010453
0.001301
0.015988
0.033336
0.003347
0.014147
0.021542
0.017613
0.042198
0.005324
0.052442
0.037360
0.053292
0.005434
0.021323
0.031315
0.027391
0.006914
0.055861
0.053772
0.083078
0.008555
0.008574
0.040846
0.078671
0.046303
0.019528
0.000696
0.015587
0.000921
0.004819
0.048557
0.037648
0.027701
0.093694
0.089414
0.068961
0.047683
0.036879
0.011814
0.001818
0.008510
0.008165
0.034633
0.040209
0.024252
0.009928
0.003049
0.051814
0.103565
0.096255
0.092930
0.105096
0.100860
0.097570
0.008993
0.023567
0.011136
0.005576
0.013964
0.011386
0.006814
0.006848
0.001951
0.035772
0.004460
0.019357
0.014908
0.030468
0.045849
0.020421
0.047896
0.070887
0.054741
0.068868
0.051925
0.002845
0.052169
0.007119
0.002368
0.003832
0.010797
0.060758
0.050434
0.080558
0.042748
0.067315
0.003811
0.008572
0.034457
0.025998
0.052025
0.044157
0.054626
0.062404
0.004780
0.010199
0.009759
0.008908
0.001092
0.056680
0.004127
0.018507
0.075783
0.069307
0.027137
0.021576
0.003911
0.014920
0.017011
0.019592
0.014215
0.003069
0.010493
0.015416
0.011342
0.000837
0.004074
0.028102
0.043291
0.034200
0.039005
0.049141
0.090271
0.085912
0.087618
0.096339
0.107477
0.003370
0.002957
0.001103
0.000675
0.022700
0.021033
0.022093
0.107007
0.106549
0.107799
0.096846
0.041327
0.028164
0.009567
0.008701
0.019126
0.012995
0.005495
0.000689
0.053420
0.051538
0.049927
0.003537
0.006168
0.008900
0.025916
0.001911
0.036681
0.006048
0.004630
0.032067
0.023076
0.003883
0.014492
0.003760
0.010582
0.006964
0.006833
0.016018
0.008070
0.000785
0.060575
0.009363
0.023370
0.016064
0.031792
0.019387
0.016718
0.023344
0.049370
0.022782
0.020601
0.050703
0.099323
0.051491
0.037412
0.022960
0.003463
0.021004
0.013844
0.001486
0.028191
0.067248
0.035807
0.011086
0.008866
0.000137
0.001729
0.020872
0.020652
0.007017
0.033069
0.005137
0.086867
0.053252
0.035515
0.065459
0.076970
0.081322
0.090469
0.050233
0.042323
0.000980
0.037146
0.019327
0.012937
0.018164
0.016350
0.017727
0.053098
0.052559
0.133788
0.089010
0.104892
0.081225
0.022231
0.007079
0.003542
0.053340
0.050755
0.008364
0.003504
0.029822
0.005162
0.006432
0.016324
0.039128
0.000662
0.007792
0.023990
0.010511
0.003263
0.013090
0.010352
0.024295
0.017926
0.006146
0.019698
0.009196
0.012446
0.010473
0.004425
0.010297
0.019388
0.001318
0.018546
0.003008
0.005482
0.003898
0.035855
0.021488
0.015771
0.039380
0.044842
0.043785
0.027280
0.007318
0.017802
0.021178
0.103987
0.093821
0.221680
0.212037
0.239152
0.197224
0.187479
0.165501
0.188782
0.189272
0.147400
0.141651
0.072242
0.170827
0.186489
0.167572
0.153307
0.119315
0.139453
0.131255
0.140666
0.064428
0.089517
0.057909
0.081858
0.104749
0.132010
0.121029
0.102517
0.005972
0.005321
0.013058
0.000620
0.004566
0.004796
0.001192
0.011377
0.000140
0.065556
0.030260
0.056128
0.082896
0.117371
0.116258
0.117668
0.080377
0.004305
0.000585
0.008038
0.001186
0.023930
0.000989
0.034378
0.003599
0.017523
0.003912
0.037308
0.001046
0.015902
0.050629
0.009401
0.009688
0.004924
0.027226
0.013671
0.004658
0.021113
0.009706
0.008661
0.015737
0.001602
0.009546
0.019790
0.007401
0.001986
0.021446
0.008442
0.053429
0.036665
0.050644
0.083498
0.063500
0.008537
0.006713
0.013877
0.010601
0.042086
0.012582
0.041182
0.054220
0.021249
0.011715
0.001647
0.023193
0.000240
0.002884
0.016678
0.005313
0.003994
0.051903
0.030262
0.053949
0.075568
0.053697
0.072651
0.059818
0.005679
0.005676
0.008158
0.012083
0.017715
0.030979
0.005660
0.003485
0.003140
0.019535
0.005018
0.009043
0.003810
0.020923
0.008868
0.004669
0.053179
0.051280
0.070271
0.006413
0.027271
0.019414
0.080145
0.036244
0.041571
0.039885
0.008891
0.004536
0.043501
0.012292
0.027701
0.000668
0.050123
0.029793
0.009471
0.004773
0.029374
0.002720
0.005140
0.047414
0.008650
0.006675
0.021217
0.025701
0.029027
0.032377
0.043996
0.036542
0.015763
0.037042
0.001182
0.018656
0.004719
0.021270
0.001267
0.006855
0.005266
0.023975
0.020226
0.005992
0.013577
0.011378
0.003277
0.006495
0.007076
0.005555
0.023740
0.145432
0.099804
0.090195
0.034783
0.000537
0.002682
0.014758
0.001225
0.012842
0.009532
0.051994
0.000949
0.037979
0.034630
0.039147
0.008020
0.004479
0.009919
0.015119
0.007846
0.030943
0.003863
0.036649
0.012112
0.002685
0.014333
0.010958
0.141555
0.129727
0.113473
0.096881
0.045828
0.004959
0.014309
0.015648
0.018959
0.016576
0.021306
0.020443
0.013084
0.045670
0.004842
0.004431
0.025560
0.008005
0.023697
0.050506
0.003079
0.013950
0.001873
0.023423
0.040825
0.005879
0.000146
0.019113
0.026302
0.019220
0.005193
0.029065
0.012672
0.044486
0.000576
0.000616
0.048141
0.019265
0.006505
0.028171
0.004360
0.005682
0.022935
0.040067
0.025930
0.010316
0.018968
0.030180
0.019428
0.038572
0.019503
0.016660
0.009252
0.000891
0.029287
0.022580
0.004495
0.015206
0.056323
0.001342
0.006384
0.004153
0.017385
0.033876
0.033227
0.045716
0.022976
0.006333
0.014506
0.016451
0.044828
0.007476
0.030306
0.036007
0.030232
0.052344
0.057973
0.059092
0.034485
0.033495
0.073314
0.122550
0.025959
0.016288
0.020415
0.022795
0.001011
0.012195
0.000383
0.014919
0.002163
0.015648
0.009868
0.008740
0.015448
0.000331
0.001435
0.006268
0.000711
0.021372
0.025000
0.008857
0.004689
0.016305
0.012747
0.025386
0.010581
0.011151
0.013995
0.002547
0.000857
0.002623
0.008993
0.002127
0.004870
0.009817
0.009216
0.020777
0.014144
0.003224
0.004102
0.026809
0.029678
0.049898
0.010964
0.003467
0.025049
0.036762
0.002173
0.011924
0.000610
0.069510
0.015611
0.017431
0.003812
0.041474
0.026099
0.003247
0.023368
0.019453
0.038162
0.055594
0.030931
0.029988
0.006425
0.019676
0.006405
0.043289
0.041441
0.067792
0.082659
0.065745
0.054790
0.001732
0.003523
0.008860
0.023715
0.047732
0.001630
0.004533
0.001459
0.006680
0.060011
0.029107
0.021147
0.012403
0.008364
0.002757
0.005522
0.007888
0.022613
0.002306
0.000521
0.009512
0.024593
0.024402
0.006333
0.011266
0.002660
0.025611
0.006001
0.002401
0.009277
0.058255
0.052112
0.042919
0.041986
0.087482
0.078016
0.063978
0.062036
0.043007
0.026782
0.013312
0.001692
0.015671
0.013000
0.003221
0.001767
0.002501
0.053188
0.014031
0.021777
0.009220
0.003228
0.011782
0.008759
0.003657
0.055352
0.005356
0.061513
0.050549
0.024499
0.030472
0.005901
0.005041
0.005177
0.007548
0.032226
0.000536
0.049827
0.054388
0.049501
0.045687
0.013253
0.033084
0.005386
0.001476
0.021287
0.009056
0.004204
0.027540
0.026188
0.037057
0.008787
0.027080
0.004710
0.011903
0.032265
0.012901
0.024013
0.050458
0.076910
0.126385
0.155598
0.176306
0.203369
0.218089
0.229165
0.217656
0.144730
0.151861
0.138007
0.138625
0.121316
0.067134
0.018407
0.009273
0.048134
0.004440
0.000328
0.004596
0.002895
0.044949
0.003422
0.033013
0.026583
0.020395
0.048700
0.009345
0.002281
0.018946
0.016285
0.027417
0.012884
0.011863
0.005608
0.007903
0.002417
0.003050
0.012136
0.020245
0.019512
0.021462
0.023849
0.009480
0.005596
0.079621
0.060105
0.028767
0.000869
0.016230
0.001096
0.002984
0.008718
0.004615
0.039599
0.024238
0.021701
0.005005
0.001640
0.004616
0.004162
0.027737
0.022973
0.059107
0.041206
0.030736
0.016964
0.000028
0.003163
0.046020
0.001725
0.006988
0.001383
0.019186
0.008235
0.010192
0.027035
0.031530
0.000369
0.031197
0.004670
0.029117
0.018361
0.020126
0.007731
0.002295
0.020432
0.052400
0.026905
0.013720
0.016744
0.050587
0.042492
0.026292
0.022833
0.051667
0.011582
0.004027
0.007999
0.004991
0.006320
0.018066
0.002738
0.005812
0.008866
0.037584
0.022302
0.001370
0.003219
0.007025
0.002769
0.009823
0.001132
0.011185
0.014750
0.004913
0.012849
0.002198
0.042823
0.077636
0.004169
0.002486
0.003165
0.013787
0.024074
0.020304
0.011872
0.038524
0.000349
0.006148
0.013218
0.010921
0.011515
0.022899
0.039821
0.026860
0.014694
0.051555
0.004234
0.055197
0.054984
0.048968
0.041697
0.051375
0.028669
0.003495
0.019564
0.008153
0.003890
0.018241
0.001007
0.025019
0.013275
0.055632
0.048770
0.071204
0.090413
0.049000
0.009300
0.001218
0.000628
0.018960
0.013407
0.002756
0.013178
0.042550
0.010540
0.035300
0.014353
0.061576
0.070810
0.028095
0.010690
0.027155
0.021775
0.005226
0.006456
0.015543
0.008365
0.013271
0.004125
0.003575
0.000539
0.012180
0.017300
0.007297
0.005720
0.005355
0.028722
0.011870
0.027369
0.009355
0.011470
0.004560
0.003942
0.004184
0.012950
0.003964
0.020780
0.013224
0.012561
0.011851
0.003951
0.019983
0.005443
0.010764
0.019160
0.046248
0.025626
0.009379
0.023502
0.003658
0.019669
0.013956
0.061965
0.031233
0.027571
0.061337
0.058496
0.017834
0.014246
0.001702
0.015535
0.016815
0.012695
0.018752
0.008762
0.015499
0.000343
0.001293
0.005062
0.031913
0.028927
0.007254
0.048599
0.044102
0.025108
0.004600
0.047683
0.046220
0.003267
0.029796
0.007619
0.035642
0.015622
0.070310
0.065112
0.083730
0.109095
0.117113
0.114998
0.104767
0.074239
0.076739
0.155512
0.125840
0.064059
0.012657
0.003604
0.046519
0.040643
0.053103
0.091608
0.109356
0.092119
0.017747
0.013443
0.005182
0.036403
0.030136
0.080278
0.054722
0.097004
0.080465
0.006955
0.000133
0.000280
0.000479
0.000345
0.040481
0.002732
0.037358
0.059969
0.092858
0.033701
0.001019
0.007696
0.004195
0.007052
0.009660
0.001519
0.025989
0.024830
0.000083
0.048823
0.015763
0.005518
0.031427
0.006044
0.008018
0.017782
0.008118
0.018629
0.029711
0.022266
0.000384
0.040989
0.002744
0.034251
0.017091
0.006612
0.014164
0.013354
0.006509
0.003867
0.012562
0.005400
0.002376
0.011967
0.026400
0.009456
0.069702
0.066248
0.041960
0.045286
0.050990
0.004277
0.003198
0.002194
0.005569
0.014881
0.068208
0.065984
0.064922
0.045983
0.032537
0.014409
0.044282
0.020327
0.023894
0.023504
0.021223
0.035023
0.079037
0.044076
0.049949
0.040751
0.025606
0.011481
0.000999
0.004377
0.028380
0.030709
0.030259
0.013863
0.028956
0.010967
0.016578
0.014675
0.014300
0.024275
0.007054
0.019922
0.002098
0.027122
0.018645
0.044262
0.033873
0.013694
0.002307
0.000887
0.005173
0.000488
0.100284
0.070897
0.054906
0.054110
0.057023
0.024736
0.005838
0.019982
0.051998
0.056159
0.007976
0.053702
0.032448
0.031970
0.059447
0.035740
0.033268
0.013059
0.004706
0.003730
0.001766
0.048099
0.022525
0.039855
0.035631
0.031480
0.025454
0.017383
0.005725
0.010388
0.003852
0.006666
0.002494
0.001256
0.005983
0.000989
0.037200
0.023024
0.015304
0.010972
0.059960
0.030578
0.003939
0.045533
0.039337
0.019922
0.014870
0.017207
0.016889
0.028329
0.042547
0.032663
0.022542
0.021673
0.032648
0.005344
0.032113
0.032117
0.051227
0.053576
0.057961
0.020489
0.000714
0.006528
0.010308
0.042193
0.016405
0.022984
0.025772
0.026033
0.031915
0.039034
0.019836
0.031973
0.000833
0.045931
0.002635
0.006729
0.000637
0.013057
0.022593
0.022293
0.039528
0.000437
0.005300
0.005771
0.008926
0.041653
0.013640
0.036689
0.014342
0.001959
0.030392
0.002333
0.001402
0.011740
0.001614
0.006866
0.003197
0.064355
0.021444
0.022590
0.001710
0.005126
0.019689
0.016761
0.022080
0.003081
0.002254
0.007271
0.007118
0.015196
0.003548
0.000987
0.027140
0.002362
0.034787
0.023700
0.105125
0.110530
0.047262
0.055959
0.028981
0.031455
0.031060
0.003233
0.009711
0.000115
0.003689
0.032163
0.019843
0.011874
0.006471
0.008806
0.048631
0.003921
0.031281
0.003473
0.024263
0.033273
0.018793
0.006618
0.019583
0.004503
0.011683
0.036964
0.029826
0.104159
0.093196
0.011532
0.030163
0.000531
0.080732
0.078960
0.053061
0.017036
0.002923
0.016059
0.040609
0.002956
0.046723
0.003992
0.043585
0.021980
0.000414
0.052371
0.010631
0.002758
0.099760
0.075402
0.086494
0.071089
0.070659
0.039205
0.025365
0.050243
0.049635
0.016378
0.015044
0.003492
0.018287
0.004284
0.018931
0.067343
0.020542
0.000738
0.001030
0.068363
0.008474
0.009991
0.004456
0.015586
0.012343
0.032433
0.031301
0.005014
0.066218
0.024040
0.016876
0.006640
0.001240
0.030900
0.005705
0.007154
0.014851
0.002180
0.020921
0.008014
0.050129
0.043251
0.036855
0.014313
0.001573
0.007919
0.002981
0.038307
0.021066
0.008062
0.000884
0.009289
0.047847
0.029324
0.037979
0.064856
0.009606
0.008024
0.093157
0.034497
0.013689
0.000948
0.009315
0.009048
0.039208
0.010979
0.011653
0.010922
0.024866
0.031696
0.048245
0.034905
0.033058
0.027436
0.003268
0.001100
0.045168
0.043358
0.019226
0.008896
0.064986
0.058458
0.066849
0.100275
0.049393
0.065796
0.061311
0.059414
0.070533
0.079151
0.083808
0.044074
0.026720
0.014779
0.013442
0.017154
0.006408
0.008235
0.014254
0.121125
0.119633
0.110420
0.100141
0.140359
0.190870
0.202916
0.057035
0.055928
0.009394
0.002976
0.011371
0.025577
0.023972
0.007831
0.008921
0.018480
0.005499
0.042816
0.034939
0.017014
0.009683
0.009276
0.027727
0.012531
0.007977
0.020181
0.019549
0.049644
0.027398
0.046403
0.005373
0.047896
0.006694
0.013191
0.001291
0.011338
0.025584
0.009280
0.019829
0.010739
0.016418
0.033958
0.000818
0.027472
0.005868
0.043722
0.005611
0.008667
0.005291
0.031270
0.025637
0.045130
0.076530
0.005681
0.018576
0.001017
0.021347
0.016930
0.011527
0.010019
0.008348
0.010852
0.009841
0.013153
0.001169
0.017607
0.011397
0.005684
0.012338
0.010207
0.046445
0.019078
0.001705
0.017142
0.036726
0.015876
0.012504
0.029191
0.004473
0.001721
0.005834
0.031441
0.012077
0.011862
0.064170
0.009006
0.065854
0.034237
0.028842
0.017973
0.002495
0.015071
0.024448
0.013095
0.009893
0.054520
0.018749
0.113474
0.119071
0.120994
0.023877
0.038726
0.033958
0.034736
0.029743
0.027988
0.010049
0.002445
0.042891
0.061733
0.024489
0.014509
0.049230
0.044473
0.000805
0.021583
0.015459
0.002924
0.011168
0.009281
0.007018
0.008626
0.009828
0.002706
0.003007
0.021604
0.019264
0.011328
0.007910
0.043711
0.038303
0.100005
0.007055
0.045437
0.035673
0.010160
0.030831
0.007463
0.000194
0.017412
0.008610
0.006578
0.013402
0.009930
0.008291
0.009450
0.007066
0.035811
0.030341
0.021713
0.007782
0.032967
0.022557
0.037416
0.013816
0.011880
0.011653
0.005934
0.012604
0.004836
0.011763
0.026054
0.002500
0.003348
0.002519
0.006371
0.017034
0.083962
0.044600
0.055082
0.049664
0.044110
0.025322
0.008482
0.007236
0.020917
0.017379
0.018832
0.008757
0.014860
0.002922
0.018409
0.033845
0.034848
0.006645
0.004226
0.014331
0.009231
0.014340
0.023473
0.012325
0.012036
0.007815
0.005830
0.009118
0.003234
0.033195
0.042469
0.020807
0.018611
0.005582
0.016608
0.014301
0.011268
0.009549
0.047665
0.012366
0.004064
0.034079
0.005947
0.002000
0.003525
0.002351
0.003502
0.061578
0.055079
0.055808
0.069326
0.082243
0.116312
0.098170
0.087268
0.085407
0.009360
0.016542
0.077477
0.073343
0.062030
0.050734
0.031585
0.030121
0.012040
0.020022
0.004123
0.023897
0.000710
0.085600
0.061237
0.057155
0.014101
0.002979
0.002821
0.013798
0.037407
0.013280
0.005972
0.001576
0.000745
0.013503
0.023913
0.014600
0.028543
0.033720
0.003121
0.010495
0.003920
0.006356
0.000525
0.016850
0.010095
0.011790
0.009487
0.014117
0.000252
0.034993
0.003843
0.013623
0.007176
0.009064
0.026881
0.003716
0.001731
0.002897
0.001271
0.002200
0.001447
0.011364
0.011135
0.004910
0.048433
0.045710
0.053323
0.065919
0.040800
0.037990
0.017152
0.016058
0.001255
0.004900
0.029729
0.023101
0.035260
0.035511
0.027794
0.020024
0.046862
0.035679
0.010662
0.001348
0.014194
0.000874
0.015079
0.007808
0.001587
0.010735
0.039587
0.035197
0.036218
0.038646
0.044847
0.031338
0.017421
0.006242
0.025062
0.031950
0.010743
0.071647
0.085664
0.068519
0.005301
0.000409
0.002172
0.011611
0.010094
0.035865
0.048122
0.010065
0.004829
0.001435
0.026048
0.033668
0.009183
0.000861
0.064531
0.009713
0.023263
0.012584
0.031226
0.038433
0.048110
0.065485
0.051136
0.094427
0.074061
0.021156
0.000380
0.001019
0.002751
0.007872
0.032952
0.032539
0.072765
0.006029
0.030597
0.008218
0.006717
0.042951
0.013591
0.000759
0.055719
0.007619
0.011732
0.029266
0.010203
0.006003
0.016754
0.001543
0.003618
0.007850
0.012039
0.006272
0.018565
0.005210
0.004912
0.004299
0.003280
0.002492
0.006899
0.024286
0.021134
0.000164
0.027383
0.017275
0.004377
0.017021
0.005926
0.013264
0.038545
0.010797
0.028683
0.027434
0.015757
0.013070
0.044056
0.047889
0.037600
0.035973
0.010759
0.043175
0.031110
0.003607
0.045473
0.042546
0.031895
0.023040
0.012958
0.010737
0.025379
0.001667
0.024868
0.031802
0.002032
0.002982
0.000275
0.002274
0.010800
0.016969
0.016297
0.016902
0.003127
0.017074
0.004161
0.033283
0.030857
0.030332
0.047406
0.004579
0.023900
0.014591
0.026623
0.018922
0.017294
0.011798
0.014943
0.018166
0.000827
0.003078
0.033648
0.032411
0.040007
0.040930
0.018571
0.002169
0.004631
0.004044
0.001436
0.009931
0.026963
0.023520
0.008037
0.021638
0.003536
0.000783
0.012018
0.011648
0.014004
0.006660
0.071588
0.020127
0.012225
0.060000
0.038198
0.002556
0.002025
0.009440
0.015096
0.010301
0.010213
0.119942
0.080229
0.039408
0.039681
0.003354
0.007174
0.004011
0.006797
0.005919
0.033110
0.029835
0.009143
0.001223
0.047692
0.018843
0.011493
0.006980
0.021436
0.042828
0.021537
0.014967
0.036987
0.035845
0.018568
0.023953
0.017362
0.017160
0.012366
0.013429
0.024589
0.029185
0.003456
0.047797
0.039343
0.018215
0.026243
0.003032
0.002636
0.011156
0.013256
0.000201
0.013911
0.000652
0.013447
0.026322
0.022572
0.034434
0.009788
0.015400
0.016590
0.008753
0.002642
0.011048
0.012463
0.045800
0.039280
0.013508
0.091822
0.083658
0.003828
0.003475
0.049917
0.035695
0.033074
0.048885
0.000449
0.019766
0.019266
0.033213
0.009538
0.001129
0.028337
0.023951
0.035796
0.025583
0.052318
0.015371
0.006161
0.020163
0.010672
0.021688
0.004477
0.002380
0.000385
0.029831
0.000779
0.008916
0.024856
0.068105
0.070763
0.081385
0.068931
0.031323
0.000095
0.003041
0.002577
0.010491
0.009953
0.018299
0.000691
0.018650
0.011062
0.000208
0.001439
0.007895
0.009341
0.005826
0.001567
0.001722
0.030953
0.026046
0.001064
0.037679
0.015523
0.008810
0.000214
0.023362
0.011283
0.015645
0.056555
0.020957
0.004634
0.000447
0.000625
0.042501
0.022168
0.009419
0.005812
0.024624
0.005540
0.064305
0.058751
0.006827
0.017237
0.006447
0.008021
0.012084
0.001038
0.001370
0.050260
0.032008
0.072788
0.011540
0.023044
0.002578
0.010270
0.008693
0.002697
0.006733
0.038019
0.013040
0.005493
0.008599
0.006337
0.020848
0.011118
0.019955
0.045185
0.038595
0.018890
0.020181
0.019026
0.048059
0.028378
0.037484
0.046859
0.036894
0.062942
0.071338
0.056463
0.051386
0.008415
0.026902
0.024019
0.035656
0.034120
0.033763
0.001708
0.011152
0.029520
0.005432
0.048876
0.012574
0.016993
0.003834
0.026935
0.044577
0.017004
0.009993
0.007087
0.009530
0.001629
0.004911
0.018777
0.008326
0.019526
0.001625
0.004731
0.026966
0.004484
0.062050
0.040953
0.024547
0.013966
0.027992
0.023988
0.004918
0.043579
0.029097
0.050065
0.049433
0.004748
0.016548
0.059017
0.050775
0.002054
0.000474
0.004698
0.001973
0.017856
0.028350
0.003244
0.056903
0.006307
0.002975
0.007221
0.017058
0.023263
0.042655
0.111160
0.092036
0.123551
0.086468
0.068661
0.007378
0.003793
0.019516
0.019007
0.015811
0.008191
0.001762
0.038177
0.029621
0.001869
0.004428
0.009837
0.015291
0.021221
0.010519
0.004542
0.077513
0.065462
0.084827
0.078760
0.113627
0.116508
0.013835
0.032722
0.028777
0.023232
0.004371
0.038190
0.008022
0.000308
0.012526
0.013371
0.021491
0.013452
0.053100
0.010519
0.036057
0.019466
0.004046
0.008589
0.011519
0.011291
0.016810
0.011058
0.007968
0.005761
0.002620
0.009955
0.006542
0.001328
0.027796
0.000249
0.002876
0.024724
0.002184
0.001641
0.013693
0.008024
0.010746
0.012619
0.010177
0.024030
0.003224
0.011662
0.008194
0.063012
0.018098
0.000378
0.015825
0.004886
0.005658
0.013131
0.021296
0.014928
0.013730
0.010231
0.019550
0.032337
0.000595
0.006609
0.002834
0.009171
0.022449
0.012639
0.008995
0.040206
0.034251
0.067132
0.027440
0.007461
0.021940
0.000733
0.048110
0.038314
0.046584
0.021104
0.011810
0.026119
0.018724
0.060425
0.049228
0.015442
0.015654
0.008216
0.002038
0.001708
0.002486
0.061536
0.020295
0.006691
0.037230
0.012301
0.002517
0.010894
0.013376
0.001971
0.000471
0.000266
0.006963
0.015325
0.015470
0.000751
0.007090
0.006388
0.000805
0.020684
0.018219
0.024186
0.027060
0.001324
0.015127
0.008554
0.030915
0.001758
0.011856
0.126291
0.115740
0.036777
0.028192
0.034013
0.018813
0.000196
0.018454
0.019288
0.023405
0.035764
0.001041
0.021157
0.015577
0.006857
0.027738
0.039722
0.008773
0.002527
0.023261
0.002480
0.008486
0.001262
0.002589
0.003904
0.064608
0.048060
0.040775
0.022151
0.005997
0.005977
0.007463
0.003489
0.003287
0.006980
0.010163
0.023728
0.014895
0.011572
0.021771
0.001014
0.011978
0.008095
0.037577
0.027118
0.003620
0.012463
0.011926
0.016051
0.017316
0.008130
0.022420
0.021657
0.008167
0.017557
0.006773
0.019519
0.003134
0.002343
0.007374
0.041643
0.020437
0.003455
0.000819
0.079115
0.008930
0.009584
0.009137
0.033621
0.009261
0.000453
0.004065
0.006486
0.047866
0.002827
0.014932
0.009966
0.005433
0.005284
0.004538
0.001659
0.016419
0.024651
0.019180
0.006952
0.014746
0.008171
0.000481
0.021131
0.001025
0.005524
0.002994
0.116920
0.059307
0.041128
0.006688
0.012395
0.011194
0.002719
0.007947
0.008792
0.001916
0.012924
0.022908
0.026544
0.004287
0.010397
0.007489
0.011775
0.008710
0.000778
0.046437
0.025703
0.010591
0.063762
0.032328
0.007097
0.008738
0.009718
0.001557
0.036093
0.032071
0.031955
0.033820
0.016169
0.004572
0.005814
0.005768
0.001672
0.006778
0.000917
0.015865
0.008908
0.029512
0.040239
0.013801
0.001994
0.000995
0.009814
0.066849
0.050181
0.021996
0.016740
0.001589
0.015498
0.018972
0.027188
0.038849
0.008563
0.008545
0.010648
0.009706
0.026822
0.023723
0.027598
0.013439
0.008999
0.007664
0.016769
0.005353
0.038897
0.022834
0.021276
0.028592
0.015368
0.007286
0.002553
0.029626
0.040841
0.011208
0.006408
0.050401
0.041996
0.135379
0.119839
0.001399
0.011970
0.008525
0.032828
0.008670
0.029470
0.010473
0.011057
0.033103
0.066643
0.009065
0.015160
0.001040
0.006973
0.051639
0.033498
0.002729
0.002607
0.037299
0.008000
0.001737
0.010204
0.023656
0.014166
0.025188
0.006843
0.009097
0.006043
0.004246
0.025614
0.014461
0.009782
0.005330
0.050503
0.008785
0.036117
0.027336
0.021531
0.049984
0.011909
0.004523
0.001304
0.012412
0.006496
0.009939
0.034044
0.011050
0.011060
0.023874
0.015168
0.010619
0.001766
0.006882
0.042458
0.027669
0.078820
0.072870
0.074639
0.061782
0.056689
0.068887
0.069408
0.053016
0.080059
0.046231
0.031467
0.011595
0.015094
0.003562
0.001494
0.045129
0.027416
0.024911
0.018496
0.065329
0.043131
0.043095
0.029159
0.095461
0.080707
0.053228
0.054409
0.021216
0.007520
0.010575
0.007166
0.000661
0.008495
0.037835
0.050074
0.029389
0.023633
0.002265
0.008200
0.001164
0.009943
0.002730
0.032592
0.020940
0.018354
0.002528
0.020198
0.005963
0.006487
0.006917
0.004761
0.016178
0.005939
0.015494
0.011051
0.052426
0.062408
0.078317
0.103885
0.094077
0.086353
0.059947
0.028190
0.049845
0.010258
0.014634
0.041596
0.028755
0.040856
0.040366
0.103873
0.113243
0.123142
0.091527
0.041400
0.005188
0.027693
0.006102
0.015276
0.022302
0.011773
0.098921
0.049484
0.045948
0.029624
0.013359
0.006114
0.001752
0.000790
0.011200
0.006816
0.039058
0.009282
0.011870
0.006854
0.018519
0.016140
0.010702
0.013349
0.002998
0.007198
0.004489
0.018478
0.015347
0.005714
0.018464
0.076236
0.059898
0.043050
0.043871
0.047040
0.003290
0.033780
0.022924
0.010270
0.001757
0.037365
0.008765
0.012039
0.002660
0.008689
0.025526
0.030670
0.006634
0.001861
0.042632
0.014170
0.003324
0.042787
0.010194
0.008422
0.013774
0.038245
0.022788
0.034134
0.039151
0.001057
0.011518
0.001404
0.009458
0.002116
0.001745
0.016148
0.020101
0.026669
0.008305
0.017008
0.007843
0.006035
0.008714
0.009765
0.001891
0.051862
0.029844
0.002458
0.046243
0.032107
0.020321
0.000162
0.008482
0.001894
0.007120
0.000507
0.007559
0.025546
0.010228
0.004267
0.042832
0.015436
0.006255
0.020601
0.020361
0.022800
0.003894
0.031044
0.003376
0.001830
0.020101
0.030968
0.022259
0.003285
0.041645
0.031751
0.009685
0.007200
0.002798
0.004213
0.060824
0.060811
0.033221
0.001452
0.008753
0.015503
0.000405
0.001671
0.007201
0.002863
0.085612
0.070567
0.026828
0.028598
0.043211
0.047129
0.029962
0.003868
0.056919
0.055335
0.020900
0.005052
0.004619
0.000984
0.002448
0.006009
0.014706
0.029759
0.041416
0.030506
0.003006
0.003423
0.020921
0.016604
0.002693
0.001024
0.002410
0.005277
0.009166
0.002259
0.004543
0.005898
0.021783
0.007983
0.023796
0.094481
0.117111
0.060044
0.074564
0.070159
0.012754
0.017127
0.009226
0.016150
0.000662
0.000586
0.039018
0.063734
0.049066
0.044775
0.043822
0.001698
0.002963
0.001938
0.006139
0.029250
0.004863
0.004326
0.016944
0.008520
0.004603
0.001989
0.026510
0.007497
0.003642
0.002037
0.000653
0.006282
0.004299
0.031286
0.000211
0.018874
0.046907
0.036093
0.063229
0.043871
0.011342
0.006060
0.041064
0.011020
0.021219
0.001371
0.007942
0.010625
0.012758
0.001439
0.000336
0.011108
0.013506
0.010583
0.028038
0.001609
0.013816
0.009358
0.021124
0.013935
0.001389
0.024435
0.023877
0.027921
0.003582
0.001710
0.062470
0.060852
0.007746
0.000145
0.000298
0.000478
0.000172
0.033370
0.021032
0.024177
0.049842
0.002229
0.006200
0.021356
0.016981
0.017629
0.002500
0.004255
0.001871
0.026122
0.019677
0.008220
0.000947
0.030123
0.025946
0.043837
0.074236
0.070976
0.006791
0.008736
0.022098
0.028146
0.017800
0.041202
0.015099
0.013716
0.008274
0.012359
0.003166
0.030816
0.022284
0.015395
0.019620
0.016911
0.029368
0.035255
0.021480
0.011969
0.033602
0.027056
0.001701
0.020487
0.018928
0.004929
0.016940
0.012561
0.016541
0.007321
0.013588
0.049686
0.038095
0.029042
0.001699
0.057602
0.056085
0.052330
0.020263
0.006400
0.021728
0.035122
0.021906
0.014655
0.034102
0.025089
0.001875
0.002862
0.093680
0.080041
0.095888
0.078824
0.073982
0.071767
0.093283
0.089138
0.081668
0.029101
0.002623
0.000678
0.000847
0.054967
0.050121
0.003350
0.011804
0.007454
0.027941
0.022594
0.005061
0.002608
0.020206
0.018315
0.028233
0.018820
0.021406
0.043377
0.030276
0.022025
0.007561
0.002265
0.005653
0.008557
0.014798
0.004608
0.004553
0.085323
0.025837
0.029453
0.010695
0.007203
0.012333
0.000441
0.032332
0.023409
0.041111
0.013410
0.015515
0.000975
0.005605
0.001758
0.004699
0.013934
0.003045
0.004083
0.033046
0.010725
0.030982
0.067134
0.064662
0.059873
0.015541
0.063914
0.043977
0.041229
0.055425
0.002255
0.007973
0.006444
0.017606
0.000698
0.026766
0.004703
0.013162
0.012795
0.009192
0.001312
0.055141
0.000756
0.024012
0.063729
0.041545
0.029282
0.008925
0.001855
0.003793
0.004965
0.026106
0.010068
0.004188
0.022791
0.016046
0.012565
0.017348
0.012094
0.010540
0.006972
0.000028
0.004898
0.008368
0.001815
0.007457
0.002698
0.037254
0.064812
0.018690
0.014987
0.005590
0.042650
0.020830
0.007772
0.007444
0.007896
0.013737
0.012303
0.052769
0.029162
0.043861
0.066529
0.022344
0.015181
0.006447
0.014278
0.070392
0.069292
0.084444
0.104784
0.072700
0.044398
0.038195
0.072641
0.016640
0.004511
0.000033
0.001914
0.015636
0.008152
0.000021
0.009617
0.002775
0.024135
0.036704
0.019639
0.003461
0.003836
0.017074
0.046884
0.002870
0.017131
0.007000
0.012701
0.003063
0.012708
0.016909
0.008686
0.013668
0.012886
0.033457
0.021522
0.006183
0.001861
0.046298
0.032023
0.032463
0.012058
0.025547
0.022302
0.035666
0.030960
0.004126
0.048314
0.027625
0.016408
0.049459
0.024788
0.034004
0.024011
0.014427
0.020994
0.004630
0.005774
0.018428
0.016192
0.017114
0.005857
0.005045
0.000851
0.048930
0.012924
0.019719
0.015627
0.024471
0.013744
0.015672
0.010340
0.023789
0.013425
0.020137
0.051417
0.022862
0.030720
0.013134
0.028178
0.006418
0.036638
0.041067
0.017785
0.021688
0.017560
0.012543
0.004054
0.009728
0.005603
0.046692
0.004548
0.036128
0.025004
0.003444
0.025433
0.025061
0.071590
0.036320
0.019087
0.002782
0.006124
0.003204
0.011028
0.005432
0.013752
0.036289
0.009473
0.019794
0.019252
0.028290
0.014464
0.000927
0.015995
0.001623
0.047878
0.025982
0.008028
0.031159
0.008644
0.050519
0.049193
0.031517
0.024816
0.044077
0.027193
0.005373
0.047823
0.022442
0.025398
0.007654
0.000096
0.001699
0.012003
0.000953
0.001155
0.046075
0.036687
0.075458
0.084311
0.047606
0.040221
0.023711
0.060340
0.028625
0.024410
0.045376
0.042239
0.021242
0.036574
0.004910
0.033082
0.016175
0.007586
0.039189
0.034857
0.069032
0.089210
0.123608
0.123403
0.038516
0.011542
0.022033
0.008457
0.064392
0.061051
0.008700
0.023301
0.028985
0.036289
0.026171
0.016175
0.023382
0.013986
0.028032
0.024397
0.003948
0.007074
0.004031
0.007848
0.007012
0.007002
0.035328
0.021726
0.045153
0.022014
0.019127
0.027188
0.007418
0.004286
0.006561
0.051114
0.027441
0.077498
0.064942
0.043854
0.006586
0.067059
0.003661
0.007160
0.006925
0.000024
0.005241
0.011072
0.012362
0.041434
0.015921
0.000785
0.003867
0.025774
0.030513
0.028422
0.010212
0.015491
0.017220
0.000223
0.047436
0.034576
0.035347
0.014348
0.020629
0.020370
0.012810
0.003954
0.010204
0.029354
0.022005
0.021072
0.015205
0.003856
0.002610
0.002234
0.013356
0.000751
0.020826
0.020298
0.052577
0.041100
0.041575
0.051585
0.042436
0.003194
0.008030
0.021385
0.003589
0.036663
0.028224
0.022408
0.003375
0.024508
0.006957
0.029413
0.008842
0.007077
0.005361
0.020874
0.002114
0.023735
0.003657
0.019043
0.004867
0.019512
0.000648
0.002486
0.008281
0.000387
0.048796
0.008580
0.038506
0.050723
0.027033
0.022915
0.004886
0.004758
0.010839
0.041089
0.028040
0.007914
0.015979
0.007958
0.048500
0.047916
0.008173
0.002300
0.014023
0.013326
0.003118
0.046257
0.036455
0.032015
0.009411
0.008796
0.000885
0.009917
0.037807
0.010584
0.001684
0.019710
0.002429
0.041861
0.026777
0.014641
0.042904
0.014756
0.001467
0.024419
0.023086
0.032049
0.035375
0.030936
0.020889
0.016204
0.009214
0.009914
0.015431
0.021113
0.010783
0.010117
0.077619
0.071053
0.014616
0.004672
0.007238
0.052400
0.022822
0.043156
0.023641
0.055128
0.051450
0.044054
0.047312
0.049249
0.056061
0.012185
0.000335
0.032749
0.028928
0.015765
0.022166
0.007152
0.006411
0.050600
0.020069
0.014930
0.048999
0.046028
0.038414
0.049136
0.062006
0.035296
0.098061
0.089427
0.080840
0.114120
0.115468
0.104510
0.097452
0.084841
0.084266
0.070720
0.060691
0.020148
0.015629
0.023608
0.023321
0.021994
0.038571
0.020080
0.001791
0.019704
0.001412
0.017719
0.090248
0.018132
0.041070
0.010245
0.019095
0.042597
0.034086
0.030721
0.008947
0.052938
0.001786
0.031368
0.011722
0.007633
0.025124
0.009635
0.027332
0.021560
0.021120
0.042100
0.046008
0.034383
0.007993
0.000175
0.000466
0.002955
0.019822
0.002565
0.024589
0.130329
0.105631
0.021403
0.016607
0.024154
0.006007
0.011997
0.030372
0.029680
0.037933
0.038134
0.014053
0.037933
0.011972
0.009869
0.046881
0.044741
0.013403
0.022717
0.023744
0.012902
0.051756
0.051101
0.052215
0.058997
0.054413
0.043058
0.044363
0.028955
0.040198
0.004862
0.010671
0.014954
0.009523
0.011355
0.002981
0.031041
0.014127
0.043249
0.032890
0.016842
0.021349
0.030906
0.022981
0.013560
0.008791
0.011823
0.010410
0.002646
0.006815
0.019353
0.002415
0.055737
0.049273
0.049564
0.003564
0.001905
0.000513
0.006643
0.014623
0.015693
0.014424
0.002503
0.051785
0.045144
0.040886
0.005998
0.035973
0.010019
0.020049
0.004656
0.010349
0.015699
0.012806
0.019383
0.010162
0.001411
0.025492
0.009643
0.017660
0.004958
0.046833
0.022423
0.030247
0.009457
0.028630
0.017966
0.035072
0.008692
0.003261
0.002313
0.003857
0.010900
0.011951
0.008814
0.020759
0.086307
0.065504
0.028063
0.009283
0.045775
0.028041
0.000046
0.008113
0.003044
0.010008
0.003993
0.028576
0.023245
0.017585
0.011180
0.007105
0.029139
0.042579
0.006538
0.022675
0.015507
0.001337
0.001281
0.016612
0.000315
0.104633
0.072534
0.030962
0.041057
0.014859
0.010600
0.006232
0.009886
0.046598
0.032550
0.032297
0.031138
0.032283
0.001819
0.020738
0.020192
0.000802
0.021791
0.006892
0.005310
0.036761
0.001345
0.031709
0.057129
0.019157
0.040170
0.013884
0.044902
0.042298
0.034314
0.013371
0.044240
0.008127
0.068587
0.045027
0.026671
0.016540
0.004142
0.016907
0.028308
0.016391
0.005371
0.001909
0.009870
0.016275
0.030523
0.012372
0.010825
0.002894
0.048677
0.022585
0.006042
0.005582
0.001381
0.002379
0.001482
0.009244
0.019484
0.017714
0.011989
0.010378
0.006888
0.006651
0.002763
0.004801
0.019288
0.014724
0.003191
0.015367
0.014401
0.046243
0.056664
0.031980
0.007918
0.005457
0.006992
0.017168
0.030147
0.009926
0.006082
0.004393
0.008133
0.008293
0.076358
0.068000
0.072196
0.051572
0.008809
0.002396
0.028329
0.013073
0.014832
0.025436
0.035705
0.011987
0.003693
0.001092
0.017670
0.001283
0.051995
0.025420
0.035168
0.004633
0.008342
0.006582
0.092134
0.011248
0.017281
0.025300
0.003246
0.006803
0.009450
0.019247
0.008734
0.087496
0.026779
0.005155
0.005945
0.007913
0.018400
0.020040
0.007270
0.000576
0.006798
0.014851
0.014906
0.008817
0.007404
0.016706
0.017463
0.007698
0.016224
0.011132
0.012447
0.041134
0.069502
0.037993
0.010447
0.026353
0.010230
0.005896
0.061171
0.026896
0.012888
0.005549
0.001461
0.003148
0.005465
0.002542
0.012811
0.032654
0.013124
0.008725
0.023314
0.003802
0.004148
0.014726
0.012143
0.066883
0.033491
0.016946
0.015353
0.007022
0.000570
0.002349
0.010761
0.015253
0.006277
0.013031
0.005666
0.001325
0.001411
0.032585
0.008927
0.006917
0.003937
0.003992
0.043757
0.044191
0.066658
0.074270
0.020907
0.015138
0.018125
0.015973
0.054815
0.001342
0.010589
0.017294
0.023533
0.013003
0.016082
0.060527
0.017054
0.051254
0.049729
0.031975
0.025759
0.017440
0.050548
0.043294
0.039962
0.046929
0.009511
0.012476
0.004369
0.041008
0.027077
0.027400
0.002364
0.000073
0.021334
0.015736
0.001454
0.004016
0.012442
0.003554
0.021764
0.017287
0.004449
0.004325
0.007802
0.003937
0.001761
0.030135
0.019427
0.003337
0.003884
0.004470
0.016881
0.019769
0.016113
0.017394
0.010814
0.001959
0.012746
0.022991
0.030927
0.012934
0.024311
0.040078
0.027240
0.007888
0.023788
0.006802
0.011451
0.020403
0.033459
0.059182
0.044111
0.026712
0.005033
0.016806
0.010624
0.006106
0.028920
0.004590
0.005156
0.012752
0.012171
0.028844
0.010243
0.046168
0.051076
0.019759
0.002202
0.006581
0.005420
0.014290
0.003290
0.008751
0.029152
0.009023
0.004220
0.028686
0.027743
0.030899
0.022718
0.017378
0.022887
0.016458
0.003209
0.000323
0.004543
0.032614
0.001298
0.108670
0.075766
0.066487
0.058935
0.027319
0.017278
0.008680
0.053010
0.018016
0.011655
0.041116
0.030027
0.001185
0.030488
0.024204
0.003109
0.025818
0.018969
0.008846
0.002420
0.008237
0.003628
0.001008
0.059922
0.034276
0.037526
0.017446
0.014875
0.016459
0.016525
0.005750
0.007406
0.016539
0.016410
0.011778
0.003314
0.001028
0.034965
0.002414
0.002656
0.023153
0.022877
0.016712
0.029126
0.020582
0.010721
0.007097
0.011137
0.036251
0.020042
0.004145
0.059881
0.075224
0.078483
0.078051
0.065503
0.125790
0.106176
0.084221
0.005749
0.003745
0.031836
0.015299
0.006280
0.005981
0.002181
0.000920
0.000879
0.035933
0.024114
0.011821
0.001606
0.010973
0.022680
0.004874
0.001392
0.008958
0.018635
0.008528
0.014397
0.003050
0.010791
0.006293
0.024245
0.029244
0.004597
0.004394
0.006744
0.051087
0.024055
0.061203
0.094846
0.115422
0.150685
0.145167
0.100643
0.061215
0.035184
0.040246
0.080368
0.066834
0.067686
0.036941
0.010924
0.005593
0.016528
0.014372
0.044079
0.005648
0.091211
0.046263
0.045749
0.064879
0.065039
0.010197
0.009654
0.018160
0.002949
0.006885
0.001469
0.010938
0.036120
0.013614
0.005731
0.001685
0.020203
0.010325
0.017935
0.041274
0.030893
0.034907
0.021667
0.005627
0.006272
0.008908
0.023517
0.041284
0.027515
0.061011
0.068975
0.078416
0.079677
0.095470
0.131399
0.188663
0.151826
0.122499
0.120561
0.078205
0.089863
0.063800
0.081786
0.009007
0.005111
0.005116
0.011088
0.014204
0.003613
0.006330
0.002882
0.006324
0.010738
0.000785
0.007797
0.020601
0.016005
0.055616
0.024159
0.001357
0.042905
0.017210
0.012166
0.000531
0.041538
0.009081
0.013654
0.007034
0.004978
0.016858
0.011534
0.010516
0.011190
0.009009
0.019998
0.017439
0.038122
0.033130
0.057183
0.054022
0.059203
0.029777
0.014827
0.024035
0.003694
0.016583
0.045030
0.043077
0.027817
0.022558
0.081041
0.025684
0.011553
0.016264
0.004352
0.039779
0.026329
0.033712
0.023581
0.020550
0.011280
0.035649
0.012781
0.008866
0.001443
0.017128
0.057723
0.036858
0.007586
0.014199
0.004056
0.009673
0.020674
0.009151
0.003342
0.010557
0.025427
0.016558
0.001177
0.030920
0.005156
0.003807
0.054432
0.000389
0.018516
0.015814
0.028407
0.019414
0.012968
0.002831
0.015000
0.000698
0.006260
0.008629
0.020421
0.020564
0.015454
0.004612
0.003640
0.002848
0.022909
0.019604
0.027331
0.005834
0.014914
0.007806
0.002317
0.019487
0.010707
0.016939
0.015555
0.000402
0.029206
0.009223
0.026364
0.005648
0.028356
0.007752
0.000458
0.002230
0.011385
0.023692
0.004525
0.034970
0.034007
0.005548
0.005728
0.006149
0.007067
0.008757
0.010156
0.003187
0.003894
0.024024
0.019391
0.008789
0.011435
0.008889
0.005802
0.017338
0.002687
0.009233
0.000209
0.006215
0.014599
0.023131
0.009343
0.078775
0.067564
0.012906
0.010837
0.009608
0.000866
0.030650
0.010094
0.005657
0.032934
0.018323
0.006705
0.004268
0.013962
0.007145
0.003870
0.006083
0.078608
0.010494
0.022671
0.010844
0.034961
0.025385
0.053405
0.054416
0.067291
0.005677
0.002647
0.002074
0.011161
0.025592
0.011108
0.002716
0.014732
0.018162
0.035196
0.029285
0.016997
0.009661
0.004926
0.013766
0.006726
0.016198
0.012133
0.010313
0.018073
0.016529
0.004607
0.045288
0.006735
0.021870
0.010137
0.001769
0.003417
0.002719
0.007116
0.001996
0.005098
0.007388
0.003873
0.019304
0.073878
0.074788
0.009903
0.034229
0.019088
0.041535
0.007940
0.023180
0.015192
0.057472
0.030923
0.036343
0.017780
0.004899
0.104547
0.083613
0.124033
0.113953
0.098170
0.027567
0.007747
0.007641
