0.000000
0.000000
0.000000
0.000000
0.136190
0.000000
0.034052
0.000000
0.000000
0.000000
0.000000
0.103331
0.134924
0.066528
0.000999
0.034425
0.000000
0.000000
0.000000
0.000000
0.000000
0.000000
0.000000
0.164891
0.000000
0.095553
0.000000
0.000000
0.223780
0.148176
0.000000
0.012456
0.010499
0.000000
0.000000
0.000000
0.000000
0.000000
0.000000
0.015581
0.005792
0.000000
0.000000
0.000000
0.003294
0.000000
0.000000
0.044240
0.049357
0.032633
0.013054
0.003344
0.000000
0.000000
0.000000
0.000000
0.070278
0.000000
0.035796
0.005897
0.003424
0.000000
0.000000
0.000000
0.000000
0.000766
0.000170
0.000000
0.000000
0.000000
0.000000
0.000000
0.098244
0.016105
0.000000
0.000000
0.000000
0.074500
0.027732
0.000000
0.000000
0.000000
0.032596
0.000000
0.077834
0.000000
0.000000
0.000000
0.030054
0.000000
0.000000
0.009251
0.032454
0.000000
0.000000
0.036834
0.000000
0.000000
0.000000
0.000000
0.000000
0.000000
0.000000
0.000000
0.000000
0.000000
0.000000
0.000000
0.000000
0.000000
0.000000
0.000000
0.000000
0.000000
0.000000
0.000000
0.000000
0.000000
0.068351
0.014704
0.000000
0.051334
0.029769
0.123618
0.030427
0.000000
0.000000
0.000000
0.000000
0.000000
0.000000
0.000000
0.000000
0.000000
0.000000
0.000000
0.000000
0.000000
0.000000
0.000000
0.054134
0.075912
0.066141
0.023384
0.000000
0.000000
0.000000
0.000000
0.000000
0.000000
0.077389
0.028974
0.040298
0.022453
0.000000
0.000000
0.000000
0.000000
0.000000
0.010780
0.000000
0.000000
0.000000
0.053268
0.000000
0.000000
0.000000
0.000000
0.018439
0.000000
0.000000
0.000000
0.000000
0.014829
0.040527
0.000000
0.000000
0.000000
0.000000
0.000000
0.000000
0.000000
0.039148
0.000000
0.000000
0.000000
0.000000
0.068452
0.127885
0.000000
0.000000
0.000000
0.000000
0.008014
0.013082
0.000000
0.000000
0.000000
0.000000
0.000000
0.028735
0.006202
0.000000
0.000000
0.000000
0.000000
0.000000
0.016725
0.000000
0.000000
0.000000
0.151628
0.039686
0.063783
0.025042
0.104816
0.063072
0.026103
0.000000
0.016165
0.069836
0.001489
0.025773
0.008273
0.017127
0.000000
0.000000
0.000000
0.000000
0.000000
0.000000
0.000000
0.076384
0.028237
0.000000
0.000000
0.000000
0.000000
0.000000
0.000000
0.000000
0.000000
0.000000
0.000000
0.000000
0.000000
0.000000
0.000000
0.000000
0.000000
0.000000
0.000000
0.089596
0.033325
0.000000
0.007194
0.000000
0.000000
0.000000
0.014704
0.000000
0.000000
0.000000
0.000981
0.021151
0.112580
0.015338
0.000000
0.084398
0.005360
0.016009
0.000000
0.000000
0.109733
0.008528
0.000000
0.014331
0.000228
0.000000
0.000000
0.000000
0.000000
0.000000
0.000000
0.015957
0.000000
0.054914
0.018628
0.000000
0.025874
0.000000
0.000000
0.000000
0.000000
0.000403
0.000000
0.034367
0.000000
0.017661
0.000000
0.000000
0.000000
0.000000
0.072494
0.000000
0.000000
0.000497
0.000000
0.000000
0.000000
0.000000
0.071084
0.109865
0.000000
0.000000
0.000000
0.000000
0.043712
0.000000
0.000000
0.000000
0.001380
0.059486
0.000000
0.000000
0.000000
0.000000
0.006207
0.000000
0.000000
0.000000
0.000000
0.000000
0.048281
0.000000
0.000000
0.000000
0.001666
0.000000
0.000000
0.000000
0.000000
0.000000
0.000000
0.011027
0.000000
0.000000
0.012462
0.000000
0.000000
0.000000
0.043808
0.000000
0.031426
0.063815
0.006735
0.015581
0.031958
0.027573
0.017336
0.143232
0.001060
0.000000
0.051714
0.006232
0.116351
0.022304
0.000000
0.000000
0.043183
0.000000
0.000000
0.000000
0.000000
0.000000
0.042136
0.009484
0.121239
0.000000
0.000000
0.000000
0.012092
0.000000
0.008581
0.000000
0.000000
0.000000
0.005869
0.000000
0.000000
0.019285
0.000000
0.000000
0.039785
0.040394
0.024433
0.000000
0.000000
0.004082
0.000000
0.040399
0.000000
0.000000
0.000000
0.000000
0.000000
0.000000
0.000000
0.034660
0.000000
0.000000
0.000000
0.000000
0.000000
0.000000
0.000000
0.000000
0.000000
0.000000
0.000000
0.000000
0.000000
0.000000
0.000000
0.000000
0.000000
0.000000
0.011644
0.016666
0.000000
0.000000
0.006883
0.000000
0.000414
0.017897
0.065674
0.000000
0.000000
0.000000
0.000000
0.000000
0.000000
0.000000
0.000000
0.000000
0.000000
0.000000
0.018933
0.000000
0.031279
0.090797
0.000000
0.000000
0.000000
0.004463
0.000000
0.000000
0.023718
0.000000
0.000000
0.000000
0.000000
0.000000
0.026181
0.069076
0.000000
0.000000
0.000000
0.000000
0.000000
0.000000
0.000000
0.089415
0.181448
0.000000
0.000000
0.000000
0.000000
0.117560
0.006801
0.048420
0.000000
0.000000
0.000000
0.000000
0.000000
0.000000
0.000000
0.000000
0.017697
0.080054
0.005670
0.030660
0.000000
0.044204
0.030162
0.028597
0.038476
0.017871
0.179167
0.006882
0.000000
0.000000
0.051026
0.004512
0.000000
0.078445
0.114126
0.015212
0.033873
0.044800
0.006502
0.025992
0.020390
0.000000
0.000000
0.000000
0.045705
0.000000
0.000000
0.000000
0.000000
0.000000
0.000000
0.000000
0.000000
0.043895
0.000000
0.000000
0.000000
0.126672
0.011382
0.000000
0.076542
0.000000
0.000000
0.000000
0.000000
0.000000
0.000000
0.000000
0.095453
0.000000
0.000000
0.000000
0.000000
0.000000
0.000000
0.000000
0.010782
0.000000
0.033818
0.000000
0.007303
0.000000
0.000000
0.000000
0.022888
0.048605
0.027631
0.151745
0.110601
0.074769
0.000000
0.000000
0.025059
0.000000
0.012878
0.000000
0.000000
0.000000
0.000000
0.000000
0.020814
0.000000
0.000000
0.000000
0.000000
0.000000
0.000000
0.000000
0.025018
0.000000
0.000000
0.071992
0.000000
0.000000
0.011375
0.000000
0.000000
0.000000
0.000000
0.000000
0.000000
0.000000
0.038543
0.054524
0.007961
0.000000
0.000000
0.000000
0.000000
0.000000
0.102184
0.000000
0.000000
0.052412
0.005027
0.000000
0.035912
0.000000
0.032262
0.000000
0.000000
0.000000
0.000000
0.000000
0.000000
0.000000
0.000000
0.000000
0.000000
0.000000
0.000000
0.000000
0.079496
0.000000
0.016050
0.000000
0.030958
0.000000
0.000000
0.000000
0.000000
0.000000
0.000000
0.000000
0.000000
0.000000
0.000000
0.000000
0.000000
0.062250
0.000000
0.000000
0.000000
0.000000
0.000000
0.000000
0.000000
0.000000
0.000000
0.000000
0.000000
0.000000
0.000000
0.000000
0.000000
0.000000
0.000000
0.000000
0.000000
0.052390
0.000000
0.137808
0.148450
0.015305
0.000000
0.000000
0.000000
0.062176
0.052404
0.033831
0.005572
0.000000
0.000000
0.000000
0.000000
0.000000
0.000000
0.000000
0.000000
0.000000
0.000000
0.000000
0.000000
0.000000
0.168692
0.075390
0.000000
0.102884
0.000000
0.000000
0.000000
0.000000
0.000000
0.000000
0.000000
0.000000
0.000000
0.033680
0.167105
0.023629
0.043128
0.004062
0.015521
0.000000
0.000000
0.099245
0.014061
0.061439
0.000000
0.000000
0.000000
0.011697
0.000000
0.216189
0.048962
0.100375
0.042715
0.000000
0.000000
0.000000
0.000000
0.000000
0.000000
0.002961
0.000000
0.000000
0.000000
0.000000
0.011215
0.000000
0.000000
0.000000
0.000000
0.000000
0.000000
0.000000
0.000000
0.000000
0.000000
0.058409
0.078429
0.039742
0.009025
0.000000
0.000000
0.000000
0.000000
0.000000
0.000000
0.000000
0.009241
0.000000
0.045511
0.120896
0.004566
0.019693
0.009190
0.004031
0.000000
0.001260
0.000000
0.000000
0.143676
0.000000
0.000000
0.000000
0.000000
0.000000
0.000000
0.000000
0.000000
0.000000
0.000000
0.000000
0.046458
0.000000
0.080530
0.000000
0.024696
0.000000
0.000000
0.000000
0.000000
0.000000
0.046925
0.002978
0.000000
0.000000
0.018615
0.057299
0.017470
0.049786
0.000000
0.000000
0.000000
0.067183
0.000000
0.007845
0.000000
0.000000
0.000000
0.000000
0.000000
0.038683
0.000000
0.000000
0.000000
0.000000
0.000000
0.084122
0.000000
0.000000
0.003343
0.016322
0.000000
0.000000
0.000000
0.000000
0.000000
0.000000
0.000000
0.000000
0.000000
0.000000
0.000000
0.000000
0.000000
0.000000
0.108455
0.000000
0.000000
0.000000
0.000000
0.000000
0.078046
0.027257
0.026464
0.057542
0.025795
0.015430
0.168840
0.000000
0.067286
0.077921
0.000000
0.000000
0.000000
0.000000
0.000000
0.000000
0.000000
0.000000
0.000000
0.000000
0.000000
0.006936
0.000000
0.000000
0.000000
0.000000
0.040753
0.000000
0.000000
0.000000
0.069549
0.155827
0.181733
0.013750
0.000000
0.000000
0.000000
0.000000
0.000000
0.014501
0.000000
0.000000
0.000000
0.000000
0.000000
0.000000
0.000000
0.000000
0.000000
0.000000
0.000000
0.001531
0.000000
0.000000
0.000000
0.000000
0.000000
0.000000
0.000000
0.000000
0.000000
0.000000
0.000000
0.004443
0.000000
0.000000
0.000000
0.000000
0.000000
0.000000
0.000000
0.000000
0.016120
0.000000
0.000000
0.000000
0.000000
0.000000
0.000000
0.000000
0.000000
0.088185
0.175316
0.022521
0.029524
0.000000
0.000000
0.000000
0.000000
0.000000
0.226321
0.124615
0.045946
0.021600
0.059421
0.000737
0.000000
0.000000
0.048784
0.005116
0.000000
0.196443
0.005188
0.073132
0.064222
0.027562
0.001721
0.000000
0.001537
0.000000
0.000000
0.000000
0.000000
0.000000
0.000000
0.000000
0.000000
0.000000
0.000000
0.000000
0.000000
0.000000
0.000000
0.000000
0.000000
0.000000
0.000496
0.086195
0.000000
0.052646
0.000000
0.000000
0.165930
0.016144
0.199453
0.025995
0.045709
0.146100
0.016750
0.000000
0.000000
0.086529
0.046508
0.000000
0.000000
0.029897
0.000000
0.000000
0.110216
0.026136
0.028589
0.148845
0.000000
0.005737
0.000000
0.004073
0.000000
0.000000
0.000000
0.000000
0.000000
0.000000
0.000000
0.000000
0.038041
0.000000
0.004934
0.000000
0.000000
0.000000
0.000000
0.000000
0.000000
0.000000
0.000000
0.058680
0.000000
0.000000
0.000000
0.102356
0.000000
0.032528
0.000000
0.003415
0.020829
0.029903
0.000000
0.070381
0.000000
0.000000
0.000000
0.000000
0.083053
0.000000
0.000000
0.000000
0.000000
0.000000
0.000000
0.000000
0.000000
0.000000
0.000000
0.000000
0.000000
0.000000
0.000000
0.006093
0.000000
0.035827
0.000000
0.000000
0.000000
0.000000
0.000000
0.000000
0.000000
0.138822
0.037841
0.068400
0.000000
0.030807
0.000000
0.000000
0.096969
0.000272
0.019775
0.000000
0.000000
0.000000
0.001376
0.035385
0.080247
0.000000
0.000000
0.000000
0.000000
0.000000
0.000000
0.000000
0.126752
0.036833
0.000000
0.021907
0.000000
0.008786
0.000000
0.000000
0.000000
0.000000
0.026955
0.000000
0.000000
0.000000
0.000000
0.033828
0.011808
0.000000
0.000000
0.000000
0.019398
0.056560
0.009322
0.000000
0.000777
0.000000
0.000000
0.002094
0.000000
0.000000
0.000000
0.000000
0.000000
0.000000
0.001996
0.000000
0.025240
0.014741
0.167000
0.033611
0.000000
0.000000
0.000000
0.000000
0.068525
0.037527
0.000000
0.000000
0.065267
0.054327
0.026845
0.000000
0.028585
0.000000
0.000000
0.000000
0.005189
0.026986
0.047774
0.139383
0.004839
0.005692
0.000000
0.128533
0.000000
0.000000
0.000000
0.000000
0.000000
0.000000
0.091150
0.000000
0.039951
0.000000
0.225006
0.001106
0.013151
0.000000
0.000000
0.000000
0.000000
0.000000
0.000000
0.000000
0.000000
0.000000
0.040140
0.000000
0.018644
0.000000
0.000000
0.089492
0.131787
0.003783
0.000000
0.000000
0.000000
0.000000
0.000000
0.000000
0.000000
0.171587
0.004923
0.000000
0.000000
0.000000
0.025849
0.041853
0.073270
0.000000
0.000000
0.000000
0.000000
0.029475
0.000000
0.000000
0.000000
0.000000
0.000000
0.172275
0.000000
0.000000
0.000000
0.010692
0.000000
0.000000
0.000000
0.000000
0.000000
0.023199
0.000000
0.000000
0.090189
0.000000
0.000000
0.033227
0.024567
0.000000
0.015390
0.000000
0.000000
0.000000
0.000000
0.102773
0.062017
0.026944
0.005443
0.101826
0.017041
0.000000
0.092954
0.000000
0.080711
0.061520
0.000000
0.000000
0.000000
0.007625
0.000000
0.000000
0.056269
0.107340
0.012396
0.000000
0.000000
0.000000
0.000000
0.000000
0.000000
0.083059
0.014347
0.000000
0.000000
0.004649
0.048411
0.127729
0.151295
0.026250
0.109144
0.052166
0.115516
0.042800
0.021074
0.000000
0.012963
0.000000
0.000000
0.000000
0.000000
0.000000
0.000000
0.000000
0.059633
0.000000
0.000000
0.169916
0.000000
0.000000
0.000000
0.029059
0.000000
0.000000
0.000000
0.000000
0.196722
0.015484
0.074334
0.000000
0.000000
0.000000
0.000000
0.000000
0.000000
0.118819
0.020469
0.000000
0.000000
0.000000
0.020703
0.000000
0.000000
0.000000
0.000000
0.046656
0.151782
0.014494
0.142625
0.000000
0.000000
0.048017
0.001361
0.046566
0.025057
0.000000
0.126405
0.000000
0.000000
0.000000
0.000000
0.000000
0.000000
0.000000
0.000000
0.007127
0.000000
0.000000
0.000000
0.004636
0.000000
0.000000
0.016967
0.071417
0.178589
0.224200
0.010242
0.011971
0.000000
0.000000
0.215935
0.011024
0.018342
0.003183
0.046600
0.004300
0.000000
0.000000
0.000000
0.000000
0.000000
0.000000
0.000000
0.000000
0.008395
0.000000
0.041797
0.000000
0.056672
0.025805
0.019008
0.015672
0.000000
0.000000
0.000000
0.044100
0.000000
0.000000
0.000000
0.000000
0.000000
0.089677
0.018223
0.000000
0.000000
0.000000
0.026283
0.065188
0.000000
0.044842
0.000000
0.052580
0.000000
0.068862
0.004245
0.000000
0.085923
0.004940
0.000000
0.000000
0.000000
0.000000
0.000000
0.028907
0.000000
0.035342
0.021791
0.040863
0.009363
0.370654
0.030760
0.071818
0.028820
0.000000
0.000000
0.005074
0.000000
0.000000
0.000000
0.000000
0.000000
0.000000
0.000000
0.000000
0.000000
0.000000
0.000000
0.149893
0.000000
0.021866
0.000000
0.027036
0.000000
0.000000
0.000000
0.000000
0.000000
0.036598
0.000000
0.000000
0.000000
0.085290
0.016948
0.022279
0.000000
0.000000
0.000000
0.000000
0.000000
0.000000
0.000000
0.091061
0.000000
0.008562
0.024951
0.000000
0.000000
0.000000
0.000000
0.000000
0.000000
0.000000
0.078436
0.026860
0.022986
0.000000
0.000000
0.000000
0.015986
0.000000
0.000000
0.058364
0.022844
0.000000
0.000000
0.013278
0.001565
0.000000
0.000000
0.000000
0.000000
0.088269
0.111395
0.000000
0.020112
0.144998
0.058440
0.000000
0.043552
0.083464
0.000000
0.036037
0.000000
0.035047
0.089715
0.000000
0.000000
0.000000
0.000000
0.174996
0.065430
0.000000
0.020437
0.008566
0.000000
0.007159
0.032193
0.052187
0.000000
0.000000
0.046973
0.000000
0.000000
0.045703
0.148823
0.017990
0.015866
0.000000
0.001161
0.134886
0.024659
0.142516
0.008074
0.026822
0.008063
0.008542
0.000000
0.011011
0.000000
0.090705
0.005173
0.000000
0.000000
0.000000
0.000000
0.000000
0.000000
0.000000
0.031624
0.013929
0.013739
0.000000
0.000000
0.099936
0.000000
0.000000
0.038252
0.000000
0.000000
0.053655
0.000000
0.000000
0.000000
0.000000
0.000000
0.000000
0.000000
0.020015
0.028015
0.000000
0.000000
0.000000
0.000000
0.000000
0.011934
0.024493
0.026610
0.000000
0.013003
0.030740
0.059288
0.001713
0.151563
0.000000
0.105145
0.000000
0.000000
0.000000
0.000000
0.000000
0.000000
0.008700
0.000000
0.000000
0.000000
0.000000
0.000000
0.000000
0.022639
0.000000
0.000000
0.003255
0.000000
0.000000
0.140599
0.002990
0.000000
0.000000
0.102299
0.000000
0.000000
0.000000
0.016556
0.000000
0.000000
0.087310
0.058783
0.063333
0.004546
0.000000
0.000000
0.097055
0.004127
0.000000
0.110536
0.028748
0.000000
0.000000
0.099788
0.000000
0.006546
0.000000
0.012251
0.000000
0.000000
0.143163
0.117319
0.140213
0.034470
0.038147
0.063494
0.035815
0.045371
0.000000
0.033258
0.007205
0.000000
0.000000
0.000000
0.000000
0.000000
0.005550
0.000000
0.071774
0.035738
0.000000
0.000000
0.000000
0.009263
0.000000
0.000000
0.000000
0.069080
0.001772
0.031702
0.035051
0.079854
0.000000
0.000000
0.000000
0.000000
0.000000
0.000000
0.000000
0.000000
0.069724
0.000000
0.021421
0.123608
0.022113
0.000000
0.011663
0.000000
0.000000
0.000000
0.000000
0.069887
0.000000
0.058140
0.132877
0.000000
0.000000
0.000000
0.000000
0.012677
0.000000
0.000000
0.000000
0.000000
0.000000
0.000000
0.059059
0.000000
0.112489
0.055271
0.000000
0.070110
0.099101
0.024531
0.041804
0.120303
0.022287
0.174365
0.043335
0.069969
0.018013
0.001822
0.000000
0.000000
0.000000
0.000000
0.038702
0.000000
0.000000
0.000000
0.000000
0.000000
0.000000
0.000000
0.000631
0.000000
0.000000
0.000000
0.000000
0.126723
0.000000
0.000000
0.000000
0.052907
0.036295
0.012457
0.000000
0.000000
0.000000
0.000000
0.019736
0.000000
0.000000
0.000000
0.119612
0.004989
0.024926
0.034737
0.031900
0.000000
0.000000
0.014069
0.014155
0.015873
0.000000
0.001507
0.000000
0.000000
0.000000
0.051819
0.006138
0.000000
0.000000
0.000000
0.044038
0.000000
0.017740
0.000000
0.147873
0.013321
0.102354
0.006410
0.107687
0.012474
0.000000
0.000000
0.000000
0.000000
0.122184
0.034275
0.071050
0.000000
0.000000
0.021869
0.000000
0.028353
0.009012
0.000000
0.000000
0.000000
0.005287
0.000000
0.013666
0.000000
0.009700
0.000000
0.081227
0.065991
0.009312
0.000000
0.000790
0.000000
0.000000
0.048639
0.000000
0.000000
0.000000
0.000000
0.050539
0.011604
0.036503
0.000000
0.000000
0.049281
0.036477
0.000000
0.000000
0.000000
0.033792
0.000000
0.101911
0.076087
0.099161
0.007496
0.000000
0.000000
0.000000
0.008408
0.000000
0.000000
0.000000
0.000000
0.113053
0.014833
0.000000
0.000000
0.000000
0.000000
0.000000
0.000000
0.077781
0.023949
0.010109
0.055891
0.000000
0.000000
0.000000
0.000000
0.000000
0.000000
0.000000
0.000000
0.000000
0.000000
0.000000
0.000000
0.000000
0.000000
0.000000
0.028519
0.000683
0.000000
0.000000
0.000000
0.000000
0.021014
0.014869
0.030364
0.000000
0.000000
0.000000
0.000000
0.000000
0.010592
0.000000
0.000000
0.055650
0.000000
0.000000
0.000000
0.000000
0.000000
0.000000
0.000000
0.087428
0.000000
0.000000
0.028478
0.028591
0.000000
0.000000
0.000000
0.000000
0.013232
0.000000
0.008006
0.000000
0.000000
0.000000
0.000000
0.004406
0.000000
0.000000
0.044802
0.004712
0.000000
0.000000
0.000000
0.000000
0.000000
0.006033
0.000000
0.000000
0.000675
0.000000
0.077645
0.100720
0.005507
0.000000
0.000976
0.000000
0.000000
0.000000
0.000000
0.000000
0.000000
0.100315
0.000000
0.010061
0.007297
0.000000
0.000000
0.023248
0.086066
0.000000
0.000000
0.000000
0.000000
0.000000
0.009920
0.084049
0.015279
0.014752
0.000000
0.000000
0.047418
0.000000
0.000000
0.000000
0.069235
0.000000
0.000000
0.003491
0.001551
0.000000
0.000000
0.000000
0.084620
0.060935
0.107292
0.000000
0.081708
0.011223
0.000000
0.167381
0.000000
0.000000
0.000000
0.000000
0.000000
0.000000
0.000000
0.000000
0.000000
0.000000
0.000000
0.152393
0.036578
0.000000
0.000000
0.000000
0.000000
0.000000
0.000000
0.000000
0.000000
0.000000
0.000000
0.000000
0.000000
0.000000
0.000000
0.000000
0.000000
0.086925
0.000000
0.000000
0.000000
0.000000
0.000000
0.000000
0.000000
0.000000
0.000000
0.000000
0.002506
0.000000
0.000000
0.042294
0.000000
0.000000
0.000000
0.000000
0.000000
0.000000
0.000000
0.090675
0.073193
0.004152
0.041071
0.051641
0.086359
0.007386
0.027586
0.000000
0.000000
0.000000
0.000000
0.000000
0.000000
0.000000
0.096604
0.089508
0.017978
0.018884
0.009261
0.010138
0.000000
0.000000
0.000000
0.000000
0.018057
0.134474
0.099924
0.079974
0.000394
0.100180
0.006403
0.136558
0.037466
0.069353
0.070387
0.000000
0.107223
0.016170
0.062258
0.077034
0.000000
0.000000
0.085931
0.003472
0.000820
0.000000
0.084889
0.000000
0.024513
0.012141
0.000000
0.112456
0.000000
0.000000
0.000000
0.000000
0.000000
0.000000
0.000000
0.118059
0.005730
0.000000
0.000817
0.000000
0.036799
0.000000
0.003379
0.000000
0.190727
0.000939
0.018557
0.000000
0.000000
0.000000
0.033554
0.014206
0.004405
0.000000
0.000000
0.000000
