0.021027
0.012429
0.013115
0.025839
0.021147
0.028743
0.036627
0.009981
0.026543
0.092532
0.004805
0.036120
0.137605
0.025178
0.021662
0.005743
0.008511
0.164091
0.109332
0.038175
0.120356
0.097682
0.066135
0.036401
0.034711
0.021460
0.044467
0.025016
0.003109
0.085395
0.000421
0.095242
0.047262
0.000082
0.000846
0.004492
0.022676
0.026753
0.011451
0.034535
0.018558
0.026739
0.006989
0.002822
0.008435
0.028779
0.023593
0.028340
0.024836
0.044041
0.010673
0.004545
0.078354
0.049116
0.056069
0.021585
0.001838
0.003153
0.002139
0.060414
0.088842
0.055945
0.041359
0.018995
0.089161
0.007938
0.025018
0.002088
0.060568
0.054872
0.069479
0.114587
0.050542
0.064796
0.056839
0.015240
0.104563
0.058721
0.027023
0.000024
0.028286
0.014456
0.006092
0.027979
0.002300
0.023651
0.026431
0.003712
0.066233
0.071491
0.050286
0.104185
0.071623
0.035432
0.024132
0.045616
0.091339
0.052315
0.003459
0.011595
0.009503
0.009663
0.034318
0.025372
0.002818
0.046657
0.129175
0.032957
0.007197
0.030812
0.040323
0.009994
0.005544
0.355118
0.095702
0.005920
0.026020
0.051798
0.012371
0.035576
0.004273
0.120120
0.063624
0.007175
0.019527
0.066734
0.035742
0.023575
0.000228
0.006715
0.062434
0.007987
0.031527
0.032459
0.053338
0.050740
0.047079
0.094055
0.109115
0.092199
0.056510
0.103843
0.161094
0.186072
0.012550
0.036251
0.004214
0.031356
0.036651
0.008394
0.014475
0.006241
0.003097
0.045142
0.044767
0.011026
0.099613
0.025593
0.001151
0.010029
0.026331
0.085936
0.013696
0.002635
0.008212
0.029600
0.019102
0.011755
0.049225
0.064896
0.020336
0.031082
0.073502
0.052634
0.050345
0.056040
0.030785
0.022024
0.000227
0.085931
0.030607
0.122634
0.077498
0.185198
0.002619
0.037520
0.061487
0.034202
0.046299
0.026817
0.021922
0.088145
0.000486
0.046067
0.037217
0.065756
0.002362
0.053149
0.029478
0.001503
0.009247
0.068617
0.160123
0.066362
0.044808
0.011934
0.147066
0.056162
0.022395
0.060466
0.013192
0.004009
0.023507
0.040721
0.009579
0.157795
0.220294
0.170182
0.004110
0.003014
0.051183
0.019128
0.007590
0.206723
0.137482
0.159034
0.174939
0.141090
0.083281
0.080703
0.081313
0.116985
0.110081
0.100763
0.078825
0.014611
0.090619
0.032407
0.012691
0.078967
0.038324
0.022106
0.110589
0.039834
0.068850
0.020990
0.019870
0.106950
0.001156
0.005904
0.044717
0.039299
0.145838
0.072043
0.024143
0.107580
0.272963
0.233379
0.161705
0.135970
0.042324
0.013591
0.008694
0.061549
0.016030
0.015993
0.009554
0.043361
0.122596
0.015346
0.022384
0.077267
0.036239
0.070146
0.015892
0.093732
0.049582
0.001427
0.004992
0.012056
0.103231
0.092818
0.043126
0.013405
0.022789
0.004158
0.010188
0.024547
0.055226
0.016011
0.005487
0.141660
0.098423
0.042298
0.118447
0.127816
0.072843
0.060903
0.196718
0.011056
0.005684
0.050808
0.098655
0.027558
0.078876
0.147483
0.095738
0.087684
0.036919
0.003692
0.018811
0.022508
0.021768
0.000441
0.156487
0.001948
0.048756
0.024978
0.070015
0.201074
0.026012
0.088114
0.085843
0.151070
0.163509
0.064798
0.036882
0.018226
0.007368
0.003784
0.011419
0.042087
0.042980
0.020671
0.092162
0.071150
0.011890
0.048190
0.068997
0.128469
0.081693
0.014770
0.100426
0.038140
0.025019
0.015568
0.155836
0.048569
0.018772
0.035325
0.012596
0.074902
0.060376
0.139453
0.067642
0.021370
0.020797
0.001065
0.003299
0.010752
0.007922
0.074823
0.000569
0.015767
0.021979
0.031616
0.047168
0.029554
0.010014
0.004738
0.000396
0.080624
0.065488
0.042442
0.189958
0.150921
0.032951
0.155577
0.120129
0.066380
0.027237
0.011408
0.090730
0.035299
0.035099
0.031646
0.016026
0.027643
0.004177
0.053738
0.013094
0.030335
0.053281
0.091388
0.075605
0.011992
0.021824
0.070454
0.021581
0.018018
0.054025
0.013737
0.034282
0.033156
0.027748
0.012255
0.031850
0.102152
0.201157
0.034437
0.036384
0.023253
0.070339
0.027128
0.063083
0.031763
0.067777
0.044970
0.098428
0.085176
0.053064
0.001726
0.005841
0.022014
0.007804
0.054199
0.055431
0.003313
0.021915
0.040161
0.006329
0.068202
0.037044
0.056554
0.034547
0.113907
0.112747
0.020073
0.060516
0.030612
0.006928
0.046649
0.032246
0.030109
0.042814
0.127865
0.053424
0.114497
0.040173
0.043545
0.026810
0.270895
0.088841
0.031585
0.055025
0.077786
0.065120
0.015604
0.002847
0.125917
0.000928
0.090284
0.073047
0.040536
0.076086
0.041557
0.021670
0.001531
0.000791
0.086495
0.079214
0.051403
0.001874
0.136135
0.016061
0.013703
0.168555
0.120384
0.065549
0.001949
0.004193
0.007455
0.005664
0.025208
0.026550
0.119318
0.067425
0.053594
0.062521
0.133852
0.106832
0.055972
0.035413
0.061008
0.008771
0.011209
0.004485
0.004244
0.021893
0.031203
0.025961
0.050008
0.008846
0.042398
0.058821
0.000214
0.080734
0.073019
0.025351
0.014837
0.014481
0.022631
0.063292
0.001608
0.065086
0.051858
0.144821
0.129113
0.002217
0.141177
0.008980
0.002814
0.002467
0.079539
0.068682
0.027202
0.051263
0.057949
0.030078
0.038450
0.008169
0.003937
0.005138
0.117428
0.045664
0.008019
0.156389
0.069403
0.069945
0.014974
0.012307
0.195551
0.118270
0.208213
0.162668
0.223324
0.245612
0.122314
0.116081
0.055592
0.009024
0.041924
0.126035
0.115366
0.090902
0.078027
0.072450
0.071110
0.047169
0.059941
0.114621
0.005703
0.040591
0.022752
0.010529
0.094578
0.024831
0.042938
0.041942
0.021058
0.152043
0.048349
0.008054
0.018894
0.039837
0.031090
0.090168
0.017178
0.039799
0.059194
0.049484
0.005112
0.042146
0.039109
0.006943
0.112464
0.011178
0.008199
0.005519
0.015454
0.053172
0.041920
0.019294
0.017786
0.019568
0.076942
0.092335
0.084079
0.029139
0.021714
0.007468
0.054240
0.025209
0.015889
0.077120
0.015718
0.039182
0.089161
0.005383
0.006691
0.089469
0.102151
0.064685
0.003656
0.045252
0.106896
0.086436
0.199152
0.090613
0.029711
0.044879
0.036978
0.081489
0.080648
0.033093
0.017976
0.044304
0.005790
0.022826
0.012104
0.237503
0.182943
0.081381
0.056320
0.036151
0.028077
0.011215
0.052857
0.007742
0.036614
0.032919
0.072855
0.003114
0.090705
0.084117
0.002934
0.030512
0.012922
0.014746
0.032962
0.045546
0.008543
0.003780
0.014836
0.108201
0.093406
0.001751
0.011502
0.128378
0.058593
0.089123
0.075422
0.010320
0.005838
0.203372
0.064273
0.044149
0.004897
0.143156
0.019727
0.031733
0.025355
0.004295
0.037426
0.027304
0.076241
0.061547
0.110758
0.055386
0.049756
0.113042
0.101269
0.029279
0.050492
0.020008
0.085914
0.155817
0.057420
0.033629
0.080867
0.025786
0.017785
0.045058
0.066042
0.016659
0.064143
0.096787
0.085523
0.059236
0.076516
0.071584
0.059905
0.030480
0.123459
0.070087
0.071157
0.011969
0.036680
0.044835
0.001198
0.123855
0.049560
0.037655
0.036155
0.019773
0.019804
0.001140
0.010651
0.148090
0.164784
0.013938
0.078756
0.042043
0.016065
0.037839
0.000848
0.034016
0.040465
0.109040
0.011251
0.228340
0.222815
0.320627
0.375129
0.234987
0.135193
0.117769
0.175480
0.136638
0.152523
0.021148
0.027500
0.023620
0.004856
0.000441
0.015542
0.002315
0.057295
0.057800
0.180546
0.108463
0.113931
0.096284
0.013021
0.082143
0.060356
0.025166
0.181995
0.077948
0.034747
0.099318
0.050120
0.175440
0.047210
0.061621
0.069602
0.007128
0.001746
0.000507
0.069646
0.027165
0.069344
0.065166
0.013579
0.008609
0.023803
0.094570
0.057888
0.031993
0.054452
0.064935
0.024840
0.004851
0.018323
0.045214
0.082944
0.004042
0.063888
0.042988
0.025761
0.014661
0.085445
0.030036
0.006830
0.036590
0.166992
0.147508
0.000976
0.003386
0.012350
0.064343
0.023378
0.064736
0.003625
0.152598
0.150771
0.178799
0.137361
0.140177
0.133478
0.129276
0.042274
0.028308
0.017836
0.120137
0.004372
0.021965
0.019369
0.002139
0.032067
0.017455
0.035390
0.000749
0.076665
0.009957
0.001307
0.037718
0.145896
0.119610
0.138907
0.029885
0.014981
0.035076
0.059347
0.014846
0.058844
0.037819
0.022444
0.025060
0.005843
0.006050
0.058762
0.006492
0.035598
0.160920
0.102103
0.026935
0.002490
0.067074
0.011201
0.040746
0.016057
0.048691
0.027363
0.050819
0.001799
0.031671
0.034382
0.013245
0.063382
0.057071
0.003180
0.053402
0.015382
0.057293
0.061714
0.006125
0.018639
0.088440
0.009685
0.044757
0.165892
0.070404
0.088654
0.075385
0.028832
0.021106
0.006512
0.050202
0.060623
0.035953
0.070104
0.021232
0.053132
0.085786
0.117169
0.101299
0.099662
0.071549
0.020888
0.001118
0.039504
0.117483
0.031845
0.020472
0.010832
0.147878
0.001727
0.001610
0.107962
0.001129
0.009477
0.090097
0.064069
0.069628
0.012834
0.022313
0.006529
0.034118
0.017814
0.068024
0.063957
0.092552
0.121227
0.109115
0.031873
0.013535
0.020674
0.113873
0.020539
0.008570
0.129294
0.149913
0.005518
0.130959
0.081891
0.110853
0.111029
0.132785
0.082220
0.028515
0.029392
0.027136
0.081240
0.012026
0.096275
0.011230
0.036621
0.018191
0.008516
0.010836
0.071261
0.067748
0.136314
0.300243
0.356648
0.301752
0.283341
0.097347
0.066254
0.066254
0.126553
0.069496
0.092376
0.000263
0.009288
0.175213
0.119710
0.022744
0.040619
0.001869
0.012057
0.155567
0.081567
0.012866
0.006519
0.058816
0.050564
0.003724
0.215369
0.015957
0.071472
0.058989
0.075930
0.068700
0.027314
0.251434
0.216405
0.200560
0.113199
0.131471
0.137449
0.041367
0.097007
0.031219
0.065417
0.050836
0.074263
0.006944
0.084628
0.065240
0.019237
0.014160
0.028187
0.002397
0.025761
0.259435
0.012819
0.030353
0.040851
0.024197
0.016262
0.011973
0.075472
0.070780
0.038031
0.023960
0.033744
0.036507
0.058867
0.033468
0.060312
0.083671
0.017417
0.001112
0.032089
0.030902
0.189778
0.223191
0.042641
0.023741
0.005488
0.012532
0.025088
0.023260
0.057147
0.067127
0.051304
0.028950
0.016475
0.009609
0.036962
0.041233
0.054979
0.043888
0.057218
0.013735
0.013854
0.024532
0.008046
0.025697
0.003817
0.086908
0.016667
0.016663
0.008085
0.021159
0.064823
0.014627
0.012517
0.203925
0.179795
0.149573
0.059841
0.007093
0.035972
0.109225
0.074489
0.015119
0.010750
0.083620
0.068136
0.032986
0.061679
0.117938
0.037233
0.009610
0.041402
0.081718
0.071703
0.019701
0.005213
0.054403
0.028200
0.006534
0.041079
0.020509
0.187376
0.170290
0.010784
0.058768
0.032869
0.010456
0.036363
0.025730
0.071913
0.155740
0.151754
0.228622
0.096348
0.063239
0.024546
0.101363
0.079641
0.053577
0.035519
0.044580
0.164954
0.107288
0.101527
0.038240
0.043011
0.062091
0.042788
0.010877
0.026837
0.022868
0.053508
0.021499
0.010130
0.003678
0.117601
0.105355
0.142329
0.118866
0.005211
0.003729
0.004630
0.003192
0.042803
0.112384
0.010513
0.004637
0.087081
0.080303
0.033257
0.008774
0.036488
0.163742
0.025022
0.016190
0.072796
0.033483
0.072830
0.045741
0.003992
0.072954
0.022466
0.015307
0.019637
0.042826
0.037648
0.275198
0.183337
0.157758
0.158804
0.012597
0.070588
0.019000
0.004727
0.059552
0.030732
0.128116
0.013655
0.012942
0.003490
0.021698
0.035221
0.100166
0.024518
0.002848
0.042212
0.127821
0.111024
0.053935
0.004316
0.027714
0.082706
0.001154
0.097664
0.022938
0.088990
0.007661
0.025300
0.005492
0.002583
0.022768
0.067661
0.038180
0.015800
0.001321
0.082523
0.191903
0.080973
0.010088
0.019360
0.100357
0.099990
0.001811
0.032134
0.037177
0.106148
0.052153
0.068480
0.078731
0.072305
0.029895
0.101580
0.064946
0.008581
0.032681
0.020004
0.013007
0.034865
0.002696
0.079576
0.018251
0.055042
0.014526
0.035273
0.072953
0.045299
0.024966
0.016532
0.066488
0.015191
0.028576
0.014649
0.012501
0.044795
0.051420
0.062350
0.034063
0.039968
0.035814
0.010131
0.025135
0.063639
0.072145
0.005436
0.068181
0.038657
0.037501
0.021334
0.017413
0.050882
0.010205
0.022369
0.034922
0.033898
0.077281
0.071408
0.187482
0.006743
0.173281
0.125525
0.111251
0.168535
0.135965
0.175158
0.211274
0.064011
0.033475
0.009162
0.047379
0.009137
0.033786
0.020166
0.038430
0.031205
0.015178
0.024525
0.188938
0.107209
0.029752
0.019766
0.128278
0.045803
0.017218
0.021447
0.031828
0.057931
0.105374
0.095775
0.055445
0.035471
0.118481
0.105754
0.088847
0.144744
0.018100
0.019287
0.010344
0.013774
0.071950
0.026366
0.044991
0.102720
0.110724
0.091434
0.083109
0.185740
0.180616
0.156938
0.292791
0.312603
0.037280
0.012001
0.048263
0.015198
0.014566
0.051714
0.098996
0.068275
0.031559
0.001892
0.046964
0.027449
0.007882
0.036234
0.047925
0.014916
0.082616
0.019412
0.047310
0.091542
0.037992
0.026364
0.065996
0.028230
0.021901
0.014081
0.016455
0.032085
0.019113
0.051598
0.042193
0.039935
0.019417
0.017902
0.081496
0.006741
0.084446
0.054024
0.113001
0.025804
0.045810
0.177874
0.117220
0.098446
0.069430
0.017064
0.000037
0.079361
0.002102
0.114751
0.037428
0.016272
0.066729
0.055047
0.023425
0.013549
0.002973
0.011787
0.067456
0.043493
0.053043
0.145138
0.077141
0.011861
0.010601
0.014100
0.070307
0.068259
0.006017
0.003778
0.021411
0.113652
0.266470
0.371386
0.062076
0.082463
0.205711
0.217470
0.015046
0.015256
0.013655
0.003482
0.014569
0.121009
0.010640
0.150061
0.066035
0.008750
0.002548
0.038975
0.080727
0.135743
0.077158
0.087511
0.128720
0.050330
0.068992
0.008020
0.008344
0.044400
0.007997
0.044591
0.011810
0.151222
0.107289
0.177363
0.167194
0.170302
0.020515
0.034183
0.023539
0.010986
0.060536
0.028709
0.018036
0.108358
0.044282
0.040578
0.002410
0.016413
0.014745
0.000702
0.076889
0.052526
0.064144
0.026174
0.024427
0.126189
0.050719
0.039441
0.027074
0.010018
0.002379
0.030263
0.018279
0.069442
0.068897
0.065785
0.053816
0.023064
0.016756
0.024127
0.066208
0.036189
0.175479
0.171271
0.133148
0.126119
0.033643
0.009948
0.056153
0.041976
0.032183
0.027732
0.110889
0.005414
0.045239
0.052294
0.043613
0.022538
0.006055
0.253296
0.223878
0.201259
0.129699
0.027201
0.011575
0.031154
0.127733
0.103060
0.015845
0.129791
0.080492
0.030621
0.049677
0.038044
0.037624
0.029140
0.035622
0.053083
0.020680
0.007851
0.086667
0.049983
0.024082
0.046492
0.044867
0.043604
0.036538
0.053642
0.029023
0.063731
0.022278
0.055899
0.081111
0.070877
0.019525
0.006416
0.083859
0.079174
0.011977
0.039986
0.014282
0.038384
0.193686
0.002677
0.034638
0.024946
0.056921
0.018641
0.069356
0.060247
0.029883
0.025276
0.010501
0.027138
0.037535
0.025648
0.050636
0.003738
0.059629
0.001945
0.160696
0.031716
0.096491
0.024665
0.051494
0.006750
0.020194
0.084476
0.116084
0.032545
0.019281
0.015347
0.061238
0.097679
0.044661
0.001988
0.004676
0.010216
0.018212
0.009224
0.015284
0.003307
0.000690
0.035280
0.122513
0.130663
0.125075
0.097989
0.092199
0.009342
0.044794
0.000841
0.074436
0.034243
0.000300
0.042591
0.024408
0.018330
0.002265
0.024572
0.021026
0.014523
0.024952
0.004635
0.267238
0.201411
0.010520
0.179411
0.099837
0.022200
0.215791
0.059055
0.044273
0.028435
0.005023
0.055394
0.008617
0.127642
0.005721
0.021500
0.006609
0.045501
0.031799
0.029542
0.029133
0.050300
0.089066
0.016468
0.011121
0.055582
0.013140
0.021372
0.004306
0.121295
0.066549
0.016683
0.069591
0.024902
0.044738
0.000871
0.076149
0.025253
0.026814
0.014594
0.115236
0.006561
0.050519
0.038801
0.037673
0.079669
0.077731
0.134436
0.050643
0.025388
0.033886
0.081490
0.051245
0.033798
0.012755
0.010649
0.006646
0.001027
0.000090
0.087976
0.150854
0.063315
0.181310
0.038932
0.033214
0.002221
0.111502
0.165898
0.112144
0.116002
0.134613
0.092226
0.005707
0.003638
0.029909
0.003604
0.022746
0.041871
0.006026
0.042982
0.028832
0.028914
0.058698
0.010716
0.140433
0.129870
0.210253
0.198743
0.224847
0.086845
0.134519
0.029118
0.008214
0.005986
0.043444
0.031557
0.043724
0.016799
0.031355
0.012868
0.009236
0.175036
0.133831
0.064981
0.070534
0.091265
0.045833
0.086681
0.025478
0.103964
0.070881
0.053724
0.029725
0.009208
0.185799
0.056275
0.076171
0.034872
0.054757
0.032101
0.015747
0.066086
0.006247
0.000481
0.000200
0.138822
0.044638
0.005445
0.018178
0.115248
0.053668
0.093769
0.008537
0.019390
0.036285
0.023530
0.042682
0.048040
0.038523
0.054907
0.008970
0.216294
0.034884
0.045428
0.076327
0.038495
0.007011
0.045660
0.026816
0.005363
0.103721
0.044955
0.025945
0.063077
0.021467
0.005481
0.017168
0.082859
0.026164
0.008620
0.077266
0.076301
0.065027
0.118808
0.034365
0.086532
0.128687
0.130597
0.008086
0.012384
0.084588
0.126461
0.105949
0.081236
0.147291
0.029722
0.009001
0.012191
0.084513
0.145776
0.027076
0.034526
0.185332
0.179056
0.026227
0.009216
0.020507
0.035029
0.257175
0.230666
0.051444
0.046677
0.002016
0.034936
0.054099
0.047889
0.060038
0.043055
0.001797
0.012540
0.000668
0.004346
0.023905
0.037854
0.010291
0.084036
0.018372
0.050951
0.024121
0.058899
0.041499
0.206828
0.088212
0.065649
0.029038
0.003842
0.013296
0.030844
0.028567
0.031557
0.110820
0.007188
0.076723
0.043925
0.148612
0.009917
0.038837
0.048576
0.101264
0.047705
0.104636
0.100280
0.062267
0.015905
0.027266
0.009967
0.050525
0.010360
0.025478
0.062086
0.055971
0.051246
0.076912
0.015130
0.031367
0.014683
0.081332
0.082872
0.063487
0.068272
0.012237
0.106238
0.050050
0.102050
0.016875
0.020637
0.016107
0.046939
0.009602
0.042007
0.031785
0.011547
0.127693
0.021044
0.071610
0.032267
0.000107
0.066066
0.023900
0.057118
0.054794
0.100544
0.087522
0.028524
0.072115
0.038293
0.007623
0.000530
0.058951
0.061358
0.000475
0.059346
0.047624
0.014389
0.068327
0.012383
0.047229
0.058976
0.053214
0.017445
0.016889
0.029626
0.005411
0.044809
0.049451
0.029127
0.284163
0.262963
0.122471
0.021238
0.030933
0.003234
0.172529
0.155802
0.068023
0.060266
0.053683
0.051901
0.150662
0.111565
0.036811
0.073405
0.020865
0.011254
0.036152
0.061965
0.049702
0.009678
0.051876
0.025672
0.045618
0.187299
0.031983
0.002443
0.001695
0.073674
0.019669
0.000679
0.008356
0.080979
0.032083
0.041994
0.048136
0.012494
0.022049
0.016290
0.058272
0.076363
0.034989
0.182463
0.154995
0.163630
0.109583
0.031950
0.038576
0.131550
0.112842
0.151226
0.041459
0.011067
0.006336
0.130915
0.058614
0.046361
0.011411
0.076912
0.103939
0.010065
0.012408
0.056598
0.004586
0.027880
0.074766
0.082554
0.100691
0.081569
0.101825
0.158918
0.026507
0.052760
0.011658
0.009818
0.026727
0.002862
0.046724
0.036435
0.024797
0.003208
0.096146
0.049452
0.079954
0.005920
0.025002
0.022002
0.045133
0.022555
0.087988
0.035906
0.068804
0.019612
0.024941
0.056507
0.037462
0.003659
0.056646
0.029379
0.033970
0.003473
0.167469
0.085848
0.027974
0.022010
0.040646
0.012380
0.018411
0.103673
0.032051
0.177398
0.106235
0.055078
0.111739
0.021469
0.015347
0.011424
0.061281
0.025562
0.002233
0.053913
0.002036
0.030471
0.051924
0.073278
0.080528
0.105967
0.047025
0.039364
0.025318
0.004749
0.003224
0.038492
0.053863
0.006655
0.083700
0.016771
0.011651
0.031423
0.132068
0.083422
0.043438
0.034953
0.149708
0.084171
0.004102
0.041088
0.039464
0.009949
0.009323
0.025271
0.094721
0.056607
0.063408
0.092243
0.029058
0.038827
0.015958
0.075571
0.012248
0.017052
0.075353
0.025193
0.026677
0.025052
0.005268
0.055268
0.035847
0.030157
0.059611
0.064606
0.004376
0.184431
0.004608
0.080418
0.137922
0.062056
0.035121
0.010408
0.043663
0.177750
0.069286
0.093482
0.050911
0.082324
0.028306
0.062331
0.064919
0.070067
0.108524
0.031428
0.017948
0.022800
0.007344
0.045914
0.015058
0.008312
0.043198
0.004863
0.021500
0.003581
0.028226
0.012617
0.030425
0.065064
0.015354
0.001839
0.090703
0.059706
0.052363
0.048558
0.007557
0.043657
0.085964
0.062385
0.056424
0.012764
0.081788
0.081355
0.042692
0.012031
0.006115
0.072617
0.017233
0.031279
0.005999
0.004814
0.010599
0.011647
0.037495
0.017504
0.001212
0.033217
0.021928
0.083634
0.046122
0.018149
0.025904
0.057976
0.032616
0.059818
0.103488
0.165336
0.095677
0.170289
0.211297
0.267727
0.163882
0.198424
0.062918
0.004089
0.001430
0.031038
0.036813
0.166734
0.005068
0.114647
0.072898
0.064491
0.003167
0.026149
0.019964
0.080816
0.048254
0.028801
0.052763
0.176281
0.156504
0.000131
0.026307
0.001135
0.117724
0.039883
0.008254
0.169787
0.121056
0.054141
0.105812
0.031463
0.033900
0.012196
0.182422
0.094342
0.191334
0.140361
0.182243
0.034605
0.110753
0.046648
0.048641
0.015901
0.001867
0.073075
0.016346
0.071379
0.002617
0.031273
0.020090
0.080593
0.087131
0.068383
0.002424
0.042933
0.001610
0.000187
0.066815
0.066129
0.083674
0.103372
0.156864
0.276209
0.279353
0.275843
0.187877
0.065739
0.041180
0.020383
0.158967
0.066816
0.008261
0.074641
0.065209
0.018721
0.014636
0.134409
0.002863
0.145943
0.009623
0.038441
0.051489
0.043193
0.024800
0.004186
0.164166
0.148694
0.118160
0.115494
0.135464
0.117037
0.122923
0.169820
0.001952
0.231060
0.222574
0.030067
0.017412
0.029171
0.000270
0.002787
0.016205
0.009494
0.039519
0.063911
0.026541
0.007500
0.125228
0.086693
0.083134
0.071036
0.063507
0.014183
0.001746
0.000517
0.062273
0.009952
0.055919
0.026791
0.028118
0.094034
0.020639
0.017277
0.000394
0.008038
0.085857
0.044093
0.007086
0.036590
0.129152
0.126494
0.023811
0.082345
0.191223
0.162585
0.168377
0.046173
0.005952
0.034364
0.179310
0.022331
0.006326
0.012545
0.050469
0.084725
0.009791
0.063696
0.062170
0.051995
0.087526
0.070130
0.150712
0.194094
0.090818
0.087706
0.172263
0.148727
0.168785
0.139580
0.138070
0.060574
0.001987
0.015231
0.012741
0.214673
0.111983
0.033078
0.099087
0.053607
0.007838
0.036039
0.074784
0.028233
0.012004
0.212439
0.136050
0.364486
0.344019
0.245199
0.253959
0.187197
0.159380
0.248774
0.177266
0.184311
0.209840
0.008796
0.039211
0.016355
0.076207
0.010060
0.002761
0.057304
0.039968
0.036333
0.047792
0.002289
0.065259
0.028846
0.143987
0.149995
0.203053
0.045692
0.008430
0.019632
0.023459
0.019604
0.001835
0.038318
0.001529
0.022553
0.118851
0.099383
0.034687
0.096079
0.154853
0.020903
0.022652
0.005866
0.024346
0.018018
0.028117
0.065744
0.036478
0.037099
0.016076
0.009789
0.065175
0.073524
0.060788
0.063272
0.049192
0.116308
0.093244
0.149316
0.115207
0.000136
0.010760
0.007379
0.001973
0.014344
0.073505
0.056690
0.019632
0.041619
0.031492
0.063482
0.005744
0.009897
0.005304
0.219855
0.079696
0.013255
0.012049
0.010477
0.011594
0.038855
0.031323
0.026520
0.003029
0.052206
0.022233
0.019408
0.060135
0.018008
0.036497
0.024424
0.053362
0.038937
0.093416
0.148492
0.116253
0.085957
0.146074
0.010146
0.009761
0.159480
0.040931
0.064451
0.018998
0.023622
0.026732
0.005051
0.094679
0.065988
0.075354
0.038803
0.049939
0.015302
0.113552
0.053051
0.188026
0.154079
0.008214
0.039659
0.085385
0.082493
0.104027
0.114474
0.029549
0.061581
0.023927
0.119420
0.098044
0.056363
0.215010
0.167003
0.122201
0.261141
0.142997
0.184545
0.119246
0.057518
0.040785
0.036769
0.008080
0.007714
0.036152
0.080905
0.009788
0.095256
0.089342
0.122612
0.064981
0.032295
0.000848
0.070582
0.024397
0.035704
0.029349
0.132692
0.127107
0.018796
0.017966
0.078085
0.013655
0.019422
0.075819
0.077096
0.031378
0.075121
0.058044
0.060630
0.013396
0.032356
0.053826
0.040537
0.003682
0.027233
0.106384
0.035228
0.005604
0.004450
0.040667
0.042596
0.028178
0.027605
0.055161
0.010589
0.007038
0.003636
0.013663
0.081347
0.070627
0.099037
0.107482
0.256588
0.124448
0.105006
0.090962
0.031902
0.006824
0.036741
0.182901
0.008815
0.011273
0.070608
0.063953
0.025698
0.059746
0.109884
0.004298
0.012140
0.040165
0.023319
0.015896
0.014222
0.004289
0.015403
0.095170
0.063565
0.053758
0.032384
0.134110
0.017754
0.026297
0.072216
0.116919
0.017239
0.007188
0.117746
0.024731
0.011588
0.011915
0.026422
0.040439
0.050152
0.082531
0.008084
0.048781
0.025103
0.004949
0.000674
0.013164
0.015623
0.037421
0.068553
0.003400
0.014754
0.040106
0.003100
0.025217
0.090236
0.039191
0.059926
0.195645
0.117867
0.020695
0.097198
0.170536
0.130865
0.090982
0.012190
0.070711
0.045084
0.069861
0.045616
0.029347
0.128236
0.023018
0.118278
0.006174
0.039053
0.011139
0.022550
0.009103
0.049164
0.009888
0.099271
0.091894
0.132624
0.139199
0.135978
0.000489
0.053478
0.096035
0.039687
0.042763
0.039290
0.047558
0.055032
0.011870
0.118284
0.095624
0.159323
0.004252
0.098661
0.020213
0.093073
0.078011
0.047444
0.009706
0.116567
0.077611
0.111665
0.009205
0.007835
0.010955
0.104044
0.032714
0.000225
0.061089
0.010616
0.080494
0.004112
0.015934
0.130723
0.047152
0.016939
0.076036
0.005399
0.043513
0.031049
0.008947
0.111113
0.010570
0.012861
0.006429
0.098313
0.082575
0.005785
0.024013
0.018192
0.025340
0.025083
0.015361
0.086593
0.040785
0.139514
0.047411
0.039474
0.047426
0.004107
0.002901
0.146319
0.080138
0.131314
0.051310
0.000679
0.018283
0.062957
0.038859
0.079702
0.125468
0.074298
0.090398
0.069847
0.032702
0.067440
0.006513
0.003561
0.018794
0.015136
0.068792
0.007162
0.003862
0.014047
0.080619
0.045719
0.024727
0.147594
0.131632
0.036852
0.040133
0.048112
0.067548
0.107867
0.050688
0.099591
0.029621
0.120456
0.028768
0.028463
0.054954
0.004960
0.041645
0.038969
0.008775
0.004932
0.006106
0.093003
0.001598
0.044543
0.032185
0.012631
0.002232
0.014569
0.006602
0.031483
0.058586
0.019362
0.156109
0.000082
0.023262
0.012252
0.155979
0.043211
0.003734
0.027254
0.103401
0.030765
0.112732
0.087568
0.086689
0.090776
0.095341
0.093424
0.001123
0.083374
0.014786
0.013364
0.005444
0.035484
0.012162
0.015048
0.084690
0.039179
0.032582
0.050704
0.020599
0.057498
0.051887
0.031319
0.069554
0.061969
0.076279
0.008093
0.019864
0.021108
0.006140
0.045065
0.037089
0.079665
0.073810
0.048337
0.076205
0.047926
0.041695
0.060045
0.036262
0.026934
0.097168
0.024906
0.051494
0.019783
0.009562
0.005461
0.002786
0.025046
0.104500
0.065226
0.042324
0.112339
0.091327
0.207108
0.220120
0.226151
0.243074
0.209279
0.044708
0.125520
0.028955
0.032326
0.043705
0.098510
0.064649
0.074254
0.065910
0.004334
0.037933
0.029258
0.103009
0.014286
0.001431
0.039909
0.082394
0.036674
0.032942
0.027787
0.116026
0.106656
0.032703
0.077462
0.081069
0.064720
0.035225
0.015882
0.027623
0.005134
0.072478
0.057233
0.000367
0.141977
0.005401
0.007563
0.002263
0.015146
0.016496
0.020322
0.032193
0.028876
0.094289
0.006133
0.051617
0.044006
0.016707
0.032902
0.024585
0.134349
0.050784
0.071292
0.064534
0.027125
0.038305
0.049313
0.025187
0.007874
0.031478
0.139711
0.027973
0.006468
0.102692
0.007450
0.209316
0.010915
0.010107
0.063312
0.045711
0.031039
0.023303
0.114007
0.104595
0.145187
0.244208
0.296436
0.154550
0.166886
0.119412
0.062338
0.056835
0.001675
0.000563
0.000184
