0.000000
0.000000
0.057553
0.000000
0.000000
0.000000
0.043697
0.000000
0.000000
0.000000
0.049961
0.063740
0.050609
0.000000
0.000000
0.000000
0.000000
0.000000
0.102646
0.036700
0.016101
0.178355
0.021749
0.023141
0.002483
0.156387
0.017913
0.011219
0.034256
0.000000
0.038588
0.000000
0.000000
0.000000
0.041652
0.000000
0.000000
0.000000
0.004391
0.000000
0.004801
0.000000
0.000000
0.038060
0.053892
0.000000
0.000000
0.069318
0.010471
0.000000
0.000000
0.000000
0.000000
0.000000
0.000000
0.000000
0.099382
0.001658
0.028004
0.016389
0.000000
0.000000
0.000000
0.000000
0.024341
0.000000
0.000000
0.000000
0.000000
0.000000
0.000000
0.000000
0.000000
0.028715
0.000000
0.000000
0.000000
0.000000
0.000000
0.000000
0.000000
0.000000
0.000000
0.012366
0.000000
0.000000
0.000000
0.000000
0.000000
0.000000
0.000000
0.003438
0.000000
0.218542
0.000000
0.000000
0.000000
0.000000
0.000000
0.000000
0.000000
0.000000
0.016693
0.012081
0.066069
0.000000
0.011560
0.000000
0.000000
0.055246
0.000000
0.000000
0.050938
0.034578
0.000000
0.184204
0.052167
0.005963
0.000000
0.003002
0.000000
0.000000
0.000000
0.014736
0.124216
0.011302
0.000000
0.000000
0.005884
0.000000
0.000000
0.000000
0.000000
0.000000
0.000000
0.019975
0.000000
0.000000
0.000000
0.000000
0.000000
0.000000
0.000000
0.056207
0.000000
0.000000
0.000000
0.000000
0.000000
0.000000
0.000000
0.000000
0.026327
0.000000
0.000000
0.000000
0.000000
0.000000
0.000000
0.000000
0.000000
0.003858
0.000000
0.000000
0.000000
0.000000
0.107844
0.008520
0.000000
0.000000
0.001609
0.000000
0.000000
0.000000
0.000000
0.000000
0.000000
0.000000
0.000000
0.000000
0.000000
0.000000
0.000000
0.000000
0.000000
0.000000
0.000000
0.000000
0.000000
0.010711
0.000000
0.000000
0.000000
0.000000
0.000000
0.000000
0.001075
0.049386
0.000000
0.000000
0.000000
0.034535
0.000000
0.000000
0.000000
0.000000
0.000000
0.005117
0.038332
0.000000
0.000000
0.000000
0.000000
0.000000
0.000000
0.000000
0.000000
0.016096
0.000000
0.000000
0.053597
0.011086
0.000000
0.000000
0.054902
0.017592
0.076022
0.000000
0.000000
0.000000
0.000000
0.000000
0.000000
0.000000
0.000000
0.000000
0.000000
0.000000
0.000000
0.015147
0.000000
0.000000
0.000000
0.000000
0.000000
0.066750
0.083572
0.013760
0.007265
0.000000
0.000000
0.007898
0.000000
0.016592
0.017714
0.014269
0.000000
0.045129
0.000000
0.000000
0.000000
0.000000
0.008045
0.000000
0.000000
0.082691
0.000000
0.000000
0.000000
0.000000
0.000000
0.098394
0.000000
0.000000
0.000000
0.039969
0.002773
0.000000
0.000000
0.000000
0.000000
0.000000
0.000000
0.000000
0.041512
0.028429
0.000000
0.000000
0.000000
0.000000
0.000000
0.000000
0.000000
0.000000
0.000000
0.000000
0.000000
0.051057
0.000000
0.000000
0.036755
0.082266
0.000000
0.000000
0.055361
0.109365
0.017904
0.000000
0.000000
0.000000
0.180130
0.099524
0.000000
0.076315
0.100675
0.000000
0.000000
0.000000
0.009723
0.000000
0.000000
0.000000
0.000000
0.034409
0.000000
0.000000
0.000000
0.063488
0.012626
0.000000
0.010777
0.000000
0.000000
0.000000
0.000000
0.015113
0.000000
0.000000
0.000000
0.000000
0.000000
0.035011
0.000000
0.000000
0.000000
0.000000
0.000000
0.000000
0.000000
0.052542
0.000000
0.000000
0.024556
0.000000
0.031098
0.093283
0.000000
0.083708
0.068548
0.008957
0.000000
0.000000
0.025692
0.000000
0.000000
0.000000
0.000000
0.000000
0.011700
0.000000
0.000000
0.000000
0.000000
0.000000
0.015903
0.116701
0.169884
0.055651
0.020000
0.136782
0.051608
0.029551
0.107523
0.016794
0.071278
0.000000
0.005495
0.062483
0.021060
0.000000
0.000000
0.000000
0.079042
0.093470
0.000000
0.149381
0.021930
0.000000
0.000000
0.000000
0.000000
0.027147
0.000000
0.000000
0.040096
0.000000
0.000000
0.000000
0.000000
0.000000
0.000000
0.000000
0.000000
0.073655
0.049802
0.093825
0.025986
0.083035
0.011922
0.000000
0.222466
0.004355
0.046524
0.000000
0.000000
0.000000
0.000000
0.000000
0.003262
0.031382
0.012969
0.000000
0.000000
0.025564
0.000000
0.000000
0.002814
0.026512
0.000000
0.008517
0.008068
0.000000
0.000000
0.000000
0.000000
0.000000
0.000000
0.000000
0.018659
0.000000
0.000000
0.016752
0.000000
0.000000
0.019530
0.046642
0.065338
0.000000
0.000000
0.023054
0.000000
0.000000
0.000000
0.000000
0.000000
0.000000
0.000000
0.000000
0.000000
0.000000
0.000000
0.000000
0.000000
0.000000
0.000000
0.000000
0.000000
0.000000
0.000000
0.000000
0.000000
0.000000
0.000000
0.382355
0.061882
0.000000
0.010781
0.000000
0.216028
0.086230
0.000000
0.000000
0.000000
0.065728
0.042328
0.092895
0.128870
0.147993
0.023323
0.060722
0.099644
0.096239
0.021638
0.000000
0.000000
0.025013
0.004716
0.000000
0.009570
0.003565
0.000000
0.029980
0.000000
0.000000
0.000000
0.000000
0.000000
0.000000
0.000000
0.000000
0.000000
0.000000
0.000000
0.009081
0.021409
0.000000
0.000000
0.000000
0.000000
0.028346
0.184244
0.000000
0.000000
0.007236
0.000000
0.000000
0.000000
0.000000
0.075190
0.000000
0.000000
0.000000
0.000000
0.000000
0.000000
0.000000
0.046405
0.142214
0.011705
0.074773
0.074967
0.000000
0.003917
0.021794
0.000000
0.000000
0.000000
0.094731
0.031993
0.000000
0.000000
0.000000
0.000000
0.000000
0.000000
0.000000
0.000000
0.033924
0.000000
0.000000
0.000000
0.000000
0.000000
0.000000
0.000000
0.000000
0.000863
0.000000
0.000000
0.000000
0.015206
0.000000
0.018212
0.000000
0.014668
0.000000
0.000000
0.000000
0.057217
0.005851
0.037592
0.009746
0.000000
0.000000
0.000000
0.000000
0.000000
0.000000
0.021122
0.047286
0.000000
0.000000
0.019760
0.000000
0.085158
0.000000
0.016347
0.000000
0.000000
0.011296
0.000000
0.000000
0.000000
0.000000
0.000000
0.021292
0.000000
0.118635
0.114614
0.000000
0.000000
0.000000
0.000000
0.035464
0.071309
0.215871
0.004278
0.047344
0.000000
0.000000
0.000000
0.000000
0.000000
0.010403
0.003435
0.000000
0.000000
0.000000
0.000000
0.000000
0.000000
0.049749
0.011915
0.045788
0.058628
0.000000
0.000000
0.000000
0.000000
0.000000
0.000000
0.004042
0.000000
0.000000
0.000000
0.012359
0.000000
0.000000
0.000000
0.209152
0.024573
0.031448
0.018319
0.050922
0.003748
0.000000
0.030134
0.000000
0.000000
0.000000
0.000000
0.043633
0.000000
0.000000
0.000000
0.000000
0.000000
0.000000
0.221529
0.044947
0.054707
0.053069
0.138702
0.067228
0.305112
0.020208
0.000750
0.005114
0.029833
0.086020
0.106812
0.000000
0.000000
0.067537
0.008272
0.000000
0.000000
0.000000
0.000000
0.000000
0.000000
0.006427
0.000000
0.000000
0.000000
0.000000
0.025741
0.000000
0.000000
0.133539
0.097862
0.074648
0.000000
0.041081
0.002818
0.016863
0.000000
0.000000
0.000000
0.000000
0.053641
0.088493
0.002895
0.102292
0.063307
0.031927
0.023013
0.168819
0.032224
0.000000
0.000000
0.000000
0.000000
0.000000
0.000000
0.003578
0.000000
0.000000
0.000000
0.000000
0.074420
0.000000
0.008005
0.000000
0.000000
0.072822
0.003801
0.038480
0.041278
0.038916
0.010343
0.000000
0.000000
0.000000
0.000000
0.007875
0.000000
0.000000
0.000000
0.036907
0.000000
0.000000
0.000000
0.000000
0.010773
0.000000
0.000000
0.000000
0.028985
0.000000
0.000000
0.000000
0.000000
0.000000
0.000000
0.000000
0.000000
0.055505
0.000000
0.000000
0.000000
0.000000
0.000000
0.000000
0.000000
0.000000
0.062508
0.066065
0.189505
0.015431
0.000000
0.000000
0.000000
0.000000
0.034648
0.000000
0.026397
0.000000
0.000000
0.031831
0.082697
0.047585
0.000000
0.000000
0.077543
0.000000
0.022686
0.000000
0.000000
0.027011
0.000000
0.000000
0.000000
0.000000
0.000000
0.000000
0.087152
0.000000
0.000000
0.000000
0.000000
0.000000
0.000000
0.000000
0.000000
0.025293
0.000000
0.000000
0.000000
0.053309
0.020777
0.007483
0.074331
0.000000
0.000000
0.000000
0.018542
0.000000
0.000000
0.000000
0.098493
0.117245
0.056994
0.000000
0.038839
0.069033
0.049775
0.002329
0.000000
0.010144
0.000000
0.048257
0.018326
0.000000
0.096677
0.000000
0.000000
0.000000
0.000000
0.000000
0.019630
0.000000
0.012112
0.000000
0.000000
0.000000
0.100606
0.009908
0.000000
0.000000
0.000000
0.071972
0.029046
0.075084
0.059846
0.010665
0.102629
0.000000
0.000000
0.000000
0.017291
0.052050
0.014398
0.000000
0.000000
0.000000
0.000000
0.000000
0.011064
0.000000
0.000000
0.000000
0.135159
0.028900
0.013512
0.031742
0.058345
0.116272
0.012136
0.009480
0.005084
0.001301
0.000000
0.000000
0.000000
0.000000
0.000000
0.000000
0.000000
0.054182
0.000000
0.000000
0.000000
0.000000
0.000000
0.000000
0.000000
0.000000
0.083295
0.000000
0.000000
0.000000
0.000000
0.000000
0.000000
0.112284
0.023559
0.011603
0.098654
0.017975
0.000000
0.000000
0.000000
0.000000
0.000000
0.000000
0.000000
0.000928
0.000000
0.007754
0.000000
0.000000
0.000000
0.000000
0.000000
0.000000
0.000000
0.000000
0.000000
0.018667
0.002662
0.000000
0.000000
0.108978
0.008007
0.118035
0.005386
0.030992
0.000000
0.158645
0.003897
0.000000
0.000000
0.000000
0.000000
0.000000
0.009940
0.018007
0.000000
0.000000
0.000000
0.013291
0.070010
0.027222
0.000000
0.000000
0.000000
0.000000
0.000000
0.000000
0.000000
0.000000
0.132259
0.011705
0.000000
0.031638
0.000000
0.000000
0.003795
0.000000
0.007437
0.000000
0.000000
0.010272
0.000561
0.000000
0.000000
0.000000
0.000000
0.000000
0.000000
0.000000
0.000000
0.000000
0.000000
0.000000
0.068327
0.033738
0.013668
0.000000
0.000000
0.044259
0.000000
0.003212
0.021592
0.039270
0.005725
0.000000
0.039040
0.032527
0.240001
0.051996
0.153047
0.115280
0.086694
0.000000
0.047798
0.008368
0.000000
0.000000
0.003264
0.004812
0.000000
0.003347
0.040213
0.065981
0.027523
0.145084
0.098497
0.053588
0.011204
0.000000
0.000000
0.108428
0.006519
0.000000
0.032225
0.000000
0.052432
0.000000
0.000000
0.010029
0.000000
0.000000
0.000000
0.000000
0.043432
0.239824
0.064757
0.028208
0.002656
0.028098
0.000000
0.000000
0.098280
0.089202
0.000000
0.000000
0.000000
0.000000
0.000000
0.138237
0.000000
0.000000
0.000000
0.000000
0.000000
0.034641
0.000000
0.000000
0.010488
0.000000
0.000000
0.000000
0.013890
0.000000
0.018119
0.044996
0.000000
0.000000
0.000000
0.097461
0.000000
0.000000
0.000000
0.000000
0.000000
0.000000
0.000000
0.000000
0.227770
0.000000
0.000000
0.000000
0.000000
0.059142
0.028049
0.020306
0.000000
0.000000
0.062730
0.093986
0.052624
0.016374
0.000000
0.000000
0.000000
0.000000
0.000000
0.000000
0.078513
0.024875
0.012658
0.000000
0.000000
0.120170
0.000000
0.000000
0.000000
0.000000
0.000000
0.000000
0.000000
0.000000
0.000000
0.000000
0.000000
0.014482
0.014479
0.014072
0.011723
0.000000
0.000000
0.000000
0.011694
0.000000
0.000000
0.000000
0.034171
0.000000
0.000000
0.000000
0.000000
0.082017
0.006079
0.028295
0.041334
0.033242
0.000000
0.066904
0.000000
0.140863
0.074092
0.000000
0.000000
0.000000
0.003706
0.000000
0.077164
0.042678
0.000000
0.000000
0.000000
0.000000
0.000000
0.043981
0.016835
0.029869
0.000000
0.000000
0.000000
0.000000
0.000000
0.063949
0.004838
0.000000
0.000000
0.044818
0.000000
0.000000
0.000000
0.000000
0.008123
0.013286
0.002594
0.000000
0.000000
0.070828
0.000000
0.000000
0.002521
0.000000
0.001540
0.031992
0.000000
0.000000
0.000000
0.139339
0.040685
0.112813
0.022355
0.000000
0.000000
0.000000
0.000000
0.000000
0.000000
0.000000
0.000000
0.000000
0.062187
0.148674
0.016982
0.000000
0.000000
0.000000
0.019381
0.000000
0.023359
0.000000
0.000000
0.000000
0.000000
0.000000
0.000000
0.000000
0.000000
0.020516
0.000000
0.299510
0.000000
0.059033
0.000000
0.000000
0.000000
0.000000
0.000000
0.000000
0.000000
0.000000
0.049546
0.083281
0.000000
0.000000
0.000000
0.000000
0.000000
0.000000
0.000000
0.000000
0.000000
0.000000
0.000000
0.000000
0.000000
0.000000
0.000000
0.000000
0.000000
0.008309
0.000000
0.000000
0.000000
0.000000
0.041543
0.000000
0.000000
0.000000
0.000000
0.000000
0.000000
0.000000
0.000000
0.000000
0.000000
0.000000
0.000000
0.077004
0.000000
0.028512
0.000000
0.000000
0.000000
0.000000
0.000000
0.000000
0.000000
0.029159
0.000000
0.000000
0.000000
0.000000
0.000000
0.000000
0.000000
0.000000
0.000000
0.000000
0.101857
0.000000
0.000000
0.000000
0.036824
0.000000
0.000000
0.000000
0.000000
0.000000
0.000000
0.000000
0.000000
0.000000
0.000000
0.002106
0.000000
0.000000
0.000000
0.000000
0.000000
0.000000
0.000000
0.158906
0.022605
0.040740
0.003639
0.000000
0.000000
0.008939
0.071281
0.004409
0.055380
0.000000
0.000000
0.000000
0.000000
0.000000
0.000000
0.000000
0.000000
0.021258
0.000000
0.000000
0.000000
0.000000
0.103348
0.000000
0.000000
0.000000
0.000000
0.000000
0.070045
0.000000
0.000000
0.000000
0.000000
0.000000
0.000000
0.001735
0.000000
0.000000
0.000000
0.000000
0.080042
0.116116
0.012892
0.000000
0.000000
0.000000
0.000000
0.000000
0.000000
0.000000
0.061315
0.000000
0.000000
0.000000
0.000000
0.000000
0.000000
0.000000
0.000000
0.000000
0.000000
0.000000
0.004477
0.018587
0.000000
0.000000
0.063386
0.000000
0.000000
0.000000
0.000000
0.000000
0.000000
0.000000
0.000000
0.000000
0.000000
0.020908
0.000000
0.000000
0.000000
0.000000
0.000000
0.047173
0.003623
0.000000
0.000000
0.007744
0.000000
0.000000
0.000000
0.017907
0.054277
0.015360
0.000000
0.000000
0.049832
0.000000
0.047767
0.000000
0.000000
0.043062
0.059518
0.193378
0.047277
0.000000
0.051130
0.000000
0.000000
0.086102
0.276792
0.043934
0.039208
0.342889
0.005393
0.048774
0.085084
0.017754
0.000000
0.000000
0.000000
0.000000
0.000000
0.000000
0.000000
0.000000
0.000000
0.000000
0.000000
0.000000
0.000000
0.000000
0.002640
0.000000
0.000000
0.000000
0.000000
0.000000
0.000000
0.000000
0.000000
0.000000
0.000000
0.000550
0.000000
0.000000
0.010031
0.028270
0.000000
0.093030
0.031718
0.012331
0.004378
0.000000
0.000000
0.000000
0.036190
0.044403
0.000000
0.000000
0.000000
0.000000
0.000000
0.000000
0.050614
0.088615
0.000000
0.000000
0.000000
0.000000
0.000000
0.000000
0.000000
0.000000
0.000000
0.000000
0.000000
0.000000
0.000000
0.000000
0.000000
0.000000
0.000000
0.099480
0.000000
0.000000
0.058310
0.000000
0.032708
0.000000
0.000000
0.031526
0.118975
0.000000
0.000000
0.000000
0.116980
0.015322
0.000000
0.000000
0.000000
0.000000
0.004212
0.000000
0.000000
0.053796
0.000000
0.000000
0.000000
0.000000
0.036724
0.044325
0.093282
0.000000
0.003817
0.000000
0.098886
0.024303
0.040506
0.000000
0.011325
0.000000
0.000000
0.018743
0.000000
0.000000
0.006851
0.000000
0.000000
0.000000
0.000000
0.000000
0.000000
0.000000
0.026608
0.064394
0.000000
0.015592
0.132690
0.009112
0.050124
0.017749
0.000000
0.000000
0.029465
0.062435
0.015814
0.011707
0.000000
0.000000
0.053554
0.250988
0.002254
0.019576
0.039597
0.000000
0.016132
0.000000
0.000000
0.000000
0.027975
0.000000
0.000000
0.055998
0.000000
0.000000
0.283670
0.079518
0.082466
0.057219
0.085485
0.075775
0.018560
0.090945
0.000000
0.000000
0.006994
0.000000
0.013408
0.000000
0.000000
0.000000
0.091837
0.022597
0.047813
0.000000
0.000000
0.007266
0.000000
0.000000
0.000000
0.015512
0.000000
0.000000
0.000000
0.000000
0.072417
0.100034
0.000000
0.000000
0.000000
0.000000
0.000000
0.000000
0.000000
0.000000
0.000000
0.000000
0.000000
0.000000
0.117780
0.034802
0.099086
0.000000
0.000000
0.000000
0.000000
0.000000
0.000000
0.000000
0.000000
0.000000
0.036091
0.000000
0.000000
0.000000
0.000000
0.000000
0.000000
0.000000
0.000000
0.000000
0.000000
0.000000
0.045686
0.000533
0.000000
0.000000
0.045143
0.000000
0.000000
0.000000
0.000000
0.024932
0.000000
0.000000
0.000000
0.000000
0.000000
0.000000
0.000000
0.000000
0.000000
0.027215
0.000000
0.062741
0.002581
0.000000
0.000000
0.000000
0.000000
0.000000
0.000000
0.000000
0.000000
0.044728
0.000000
0.000000
0.000000
0.000000
0.006919
0.015493
0.000000
0.000000
0.000000
0.000000
0.000000
0.000000
0.000000
0.040564
0.000000
0.029647
0.000000
0.000000
0.000000
0.000000
0.000000
0.000000
0.000000
0.000000
0.000000
0.000000
0.000000
0.000000
0.000832
0.007381
0.000000
0.000000
0.082992
0.000000
0.122866
0.057252
0.098922
0.001739
0.000000
0.000000
0.017469
0.014822
0.108254
0.000138
0.000000
0.000000
0.000000
0.000000
0.000000
0.000000
0.001667
0.000000
0.060397
0.000000
0.000000
0.106129
0.044460
0.047285
0.000000
0.061233
0.000000
0.009397
0.000000
0.108719
0.056275
0.000000
0.023684
0.000000
0.000000
0.000000
0.000000
0.040316
0.010101
0.000000
0.000000
0.000000
0.000000
0.000000
0.000000
0.000000
0.090508
0.118431
0.120958
0.018446
0.052784
0.007288
0.000000
0.030050
0.011271
0.000000
0.000000
0.000000
0.000000
0.000000
0.000000
0.000000
0.000000
0.000000
0.000000
0.000000
0.018047
0.000000
0.000000
0.005329
0.000000
0.000000
0.000000
0.000000
0.000000
0.000000
0.000000
0.000000
0.000000
0.000000
0.000000
0.000000
0.000000
0.040739
0.000000
0.000000
0.000000
0.000000
0.000000
0.143583
0.009906
0.044318
0.120107
0.009090
0.083597
0.023628
0.150328
0.018832
0.019887
0.007800
0.122242
0.009894
0.097559
0.037912
0.000000
0.000000
0.000000
0.024495
0.122285
0.257610
0.068378
0.037088
0.028536
0.113062
0.030875
0.060578
0.000000
0.000000
0.000000
0.000000
0.046927
0.000000
0.000000
0.000000
0.000000
0.000000
0.000000
0.051984
0.000000
0.000000
0.010166
0.000000
0.000000
0.000000
0.000000
0.032158
0.000000
0.000000
0.000000
0.000000
0.000000
0.000000
0.000000
0.012553
0.000000
0.000000
0.000000
0.000000
0.000000
0.136896
0.021372
0.055319
0.108196
0.016950
0.071144
0.169391
0.000000
0.000000
0.000000
0.000000
0.000000
0.000000
0.000000
0.000000
0.010323
0.000000
0.000000
0.000000
0.000000
0.000000
0.000000
0.000000
0.000000
0.000000
0.000000
0.138930
0.000000
0.000000
0.000000
0.000000
0.084314
0.044722
0.012031
0.164407
0.095307
0.029349
0.000092
0.000000
0.000000
0.000000
0.000000
0.000000
0.000000
0.000000
0.073567
0.000000
0.000000
0.000000
0.000000
0.000000
0.025333
0.004514
0.000000
0.100661
0.066127
0.000000
0.000897
0.000000
0.116641
0.019541
0.084151
0.181770
0.036086
0.019419
0.018144
0.000000
0.000000
0.053998
0.027624
0.000000
0.000000
0.000000
0.000000
0.000000
0.000000
0.075476
0.000000
0.000000
0.000179
0.000000
0.097660
0.000000
0.000000
0.000000
0.000000
0.000000
0.010213
0.000000
0.000000
0.000000
0.000000
0.000000
0.000000
0.000000
0.000000
0.000000
0.000000
0.000000
0.027564
0.000000
0.000000
0.000000
0.000000
0.000000
0.000000
0.000000
0.000000
0.000000
0.019859
0.000000
0.000975
0.000000
0.000000
0.019636
0.075142
0.000000
0.000000
0.000000
0.000000
0.000000
0.000000
0.372041
0.039005
0.014725
0.000000
0.000000
0.000000
0.092762
0.000000
0.000000
0.000000
0.000000
0.142222
0.079486
0.017806
0.050192
0.005526
0.000000
0.000000
0.000000
0.000000
0.000000
0.000000
0.034819
0.000000
0.000000
0.062040
0.000000
0.000000
0.061883
0.052042
0.000000
0.000000
0.000000
0.000000
0.000000
0.000000
0.000000
0.000000
0.131286
0.084902
0.000000
0.000000
0.086145
0.012937
0.183936
0.079661
0.000386
0.104190
0.000000
0.000000
0.000000
0.000000
0.000000
0.000000
0.000000
0.000000
0.000000
0.000000
0.123070
0.036634
0.000000
0.000000
0.087164
0.016208
0.013438
0.000000
0.026611
0.000000
0.000000
0.000000
0.000000
0.000000
0.000000
0.020295
0.000000
0.000000
0.000000
0.000000
0.000000
0.000000
0.000000
0.000000
0.024109
0.000000
0.000000
0.000000
0.000000
0.000000
0.000000
0.000000
0.000000
0.000000
0.000000
0.000000
0.000000
0.037382
0.000000
0.091966
0.000000
0.000000
0.000000
0.000000
0.005235
0.000000
0.000000
0.006440
0.000000
0.061666
0.002961
0.170333
0.016680
0.000017
0.000000
0.000000
0.000000
0.027075
0.000000
0.000000
0.010821
0.000000
0.000000
0.000000
0.037357
0.000000
0.000000
0.000000
0.027828
0.000000
0.000000
0.010264
0.000000
0.000000
0.000000
0.031545
0.000000
0.055412
0.011025
0.008630
0.000000
0.000000
0.000000
0.000000
0.000000
0.022170
0.000000
0.000000
0.000000
0.000000
0.000000
0.048842
0.000000
0.000000
0.000000
0.000000
0.000000
0.005611
0.000000
0.056494
0.000000
0.044138
0.034668
0.000000
0.000000
0.000000
0.000000
0.000000
0.090420
0.007316
0.000000
0.000000
0.038034
0.030377
0.000000
0.037787
0.000000
0.054754
0.020409
0.000000
0.000000
0.000000
0.000000
0.000000
0.064433
0.104040
0.065796
0.000000
0.000000
0.000000
0.000000
0.000000
0.014496
0.008153
0.000000
0.000000
0.000000
0.000000
0.000000
0.000000
0.000000
0.020961
0.000000
0.040544
0.000000
0.015148
0.000000
0.000000
0.000000
0.000000
0.000000
0.052187
0.034614
0.000000
0.035014
0.036890
0.045692
0.113930
0.258292
0.109284
0.023658
0.015971
0.014240
0.001326
0.000000
0.019524
0.045997
0.000000
0.000000
0.025804
0.000000
0.000000
0.000000
0.000000
0.000000
0.000000
0.143315
0.013297
0.122226
0.000000
0.000000
0.000000
0.109961
0.021945
0.000000
0.000000
0.000000
0.000000
0.000000
0.185396
0.027522
0.000000
0.000000
0.056506
0.016348
0.043403
0.000000
0.000000
0.000000
0.127911
0.030843
0.000000
0.047288
0.000000
0.063644
0.032996
0.000000
0.000000
0.000000
0.000000
0.000000
0.000000
0.000000
0.000000
0.000000
0.000000
0.000000
0.000000
0.000000
0.000000
0.002581
0.000000
0.000000
0.044346
0.256043
0.055658
0.004311
0.030108
0.176510
0.069890
0.075903
0.120076
0.027997
0.024533
0.031540
0.019064
0.058814
0.000000
0.000000
0.000000
0.152446
0.082743
0.016424
0.000000
0.000000
0.056864
0.000000
0.089601
0.043319
0.000000
0.000000
0.000000
0.000000
0.000000
0.000000
0.000000
0.000000
0.000000
0.000000
0.070102
0.014928
0.000000
0.014936
0.056580
0.067502
0.000000
0.000000
0.000000
0.000000
0.000000
0.000000
0.000000
0.000000
0.000000
0.000000
0.000000
0.000000
0.000000
0.000000
0.050980
0.000000
0.016194
0.000000
0.000000
0.000000
0.000000
0.000000
0.000000
0.000000
0.000000
0.000000
0.093594
0.124876
0.110714
0.000000
0.000000
0.011103
0.000000
0.057352
0.000000
0.000000
0.000000
0.000000
0.000000
0.000000
0.000000
0.020409
0.000000
0.000000
0.003053
0.000000
0.000000
0.107896
0.000000
0.055506
0.000000
0.000000
0.000000
0.000000
0.000000
0.000000
0.000000
0.014454
0.000000
0.000000
0.050595
0.000000
0.000000
0.000000
0.000000
0.000000
0.000000
0.028820
0.013144
0.000000
0.044005
0.000000
0.083091
0.000000
0.000000
0.000000
0.041971
0.053938
0.094054
0.000000
0.000000
0.008794
0.071494
0.000000
0.000000
0.158813
0.000000
0.000000
0.000000
0.000000
0.000000
0.000000
0.000000
0.041205
0.000000
0.000000
0.000000
0.000000
0.000000
0.000000
0.027465
0.000000
0.032739
0.000000
0.000000
0.000000
0.000000
0.081167
0.000000
0.000000
0.000000
0.031380
0.065534
0.000000
0.000000
0.000000
0.000000
0.000000
0.000000
0.000000
0.000000
0.013752
0.000000
0.000000
0.000000
0.031959
0.054437
0.000000
0.026178
0.000000
0.046404
0.063411
0.000000
0.000000
0.056480
0.000000
0.000000
0.050988
0.016609
0.142344
0.005720
0.000000
0.000000
0.000000
0.009740
0.000000
0.000000
0.003462
0.033542
0.020042
0.000000
0.000000
0.118503
0.061829
0.005214
0.000000
0.000000
0.000000
0.000000
0.000000
0.000000
0.000000
0.000000
0.000000
0.000000
0.068939
0.000000
0.079042
0.183124
0.059900
0.027256
0.013561
0.051535
0.063925
0.038834
0.000000
0.048160
0.238606
0.024243
0.024021
0.088864
0.040159
0.000000
0.000000
0.000000
0.162530
0.018905
0.013577
0.000000
0.027155
0.009652
0.000000
0.000000
0.000000
0.000000
0.035612
0.001991
0.000000
0.000000
0.027172
0.048768
0.000000
0.009898
0.000000
0.000000
0.003115
0.000000
0.000000
0.020593
0.000000
0.016378
0.000000
0.000000
0.000000
0.000000
0.000000
0.000000
0.000000
0.000000
0.000000
0.062000
0.012208
0.000000
0.000000
0.000000
0.000000
0.000000
0.068056
0.000000
0.000000
0.000000
0.000000
0.000000
0.000000
0.000000
0.000000
0.000000
0.019149
0.000000
0.000000
0.000000
0.000000
0.032163
0.124870
0.000000
0.000000
0.000000
0.038206
0.000000
0.061946
0.033070
0.000000
0.000000
0.000000
0.000000
0.028551
0.000000
0.000000
0.000000
0.000000
0.014683
0.057930
0.000000
0.000000
0.015071
0.000000
0.000000
0.000000
0.000000
0.000000
0.000000
0.000000
0.000000
0.000000
0.000000
0.000000
0.132047
0.000000
0.000000
0.000000
0.000000
0.001624
0.000000
0.009375
0.000000
0.033617
0.025099
0.000000
0.000000
0.000000
0.003064
0.000000
0.000000
0.030686
0.000000
0.000000
0.000000
0.023695
0.000000
0.000000
0.000000
0.099742
0.018631
0.004756
0.000000
0.000000
0.011782
0.000000
0.000000
0.010557
0.000000
0.000000
0.013131
0.000000
0.049485
0.061799
0.046055
0.000000
0.000000
0.047228
0.010707
0.000000
0.011316
0.000000
0.001612
0.000000
0.000000
0.000000
0.000000
0.045034
0.121197
0.006689
0.039752
0.000000
0.000000
0.000000
0.000000
0.011865
0.000000
0.000000
0.000000
0.014679
0.000000
0.000000
0.075942
0.014721
0.034745
0.061886
0.069691
0.006486
0.000000
0.057501
0.000000
0.000000
0.076925
0.058589
0.000000
0.000000
0.000000
0.012094
0.104739
0.019859
0.000000
0.000000
0.000000
0.000000
0.000000
0.000000
0.036134
0.000000
0.000000
0.175230
0.000000
0.000000
0.000000
0.000000
0.123936
0.000000
0.000000
0.000000
0.000000
0.000000
0.000000
0.000000
0.005392
0.000000
0.000000
0.000000
0.000000
0.000000
0.000000
0.000000
0.087091
0.000000
0.000000
0.000000
0.058137
0.031848
0.000000
0.000000
0.094363
0.000000
0.000000
0.000000
0.000000
0.019391
0.013993
0.000000
0.000000
0.000000
0.000000
0.010104
0.031535
0.008718
0.000000
0.000000
0.000000
0.000000
0.000000
0.000000
0.038310
0.000000
0.000000
0.000000
0.000000
0.000000
0.014825
0.000000
0.000000
0.000000
0.001753
0.000000
0.000000
0.000000
0.000000
0.000000
0.022557
0.000000
0.353786
0.045125
0.042701
0.005033
0.026034
0.000000
0.077475
0.041610
0.017877
0.063563
0.000000
0.000000
0.000000
0.000000
0.000000
0.000000
0.000000
0.000000
0.000000
0.000000
0.000000
0.000000
0.000760
0.000000
0.000000
0.000000
0.000000
0.000565
0.000000
0.000000
0.006435
0.009890
0.000000
0.019636
0.000000
0.000000
0.000000
0.000000
0.000000
0.000000
0.000000
0.036062
0.000910
0.033047
0.067240
0.000000
0.000000
0.020293
0.023129
0.012407
0.211170
0.136198
0.067000
0.000000
0.000000
0.000000
0.000000
0.025043
0.000000
0.000000
0.000000
0.000000
0.000000
0.000000
0.000000
