0.040282
0.075046
0.034349
0.005745
0.034450
0.000536
0.000098
0.025562
0.008554
0.020864
0.010767
0.005663
0.017423
0.020385
0.016412
0.054745
0.032146
0.097123
0.055012
0.122537
0.157793
0.159051
0.237933
0.241201
0.229965
0.202152
0.322734
0.206020
0.060335
0.009131
0.003138
0.064465
0.035367
0.036850
0.018466
0.059962
0.005489
0.020522
0.020310
0.032190
0.031337
0.016212
0.090861
0.026710
0.016602
0.008833
0.001759
0.001678
0.025177
0.024189
0.045913
0.008289
0.035619
0.057316
0.035410
0.117711
0.055166
0.136766
0.036156
0.062132
0.085018
0.024631
0.189509
0.022603
0.010332
0.002009
0.072940
0.014419
0.045283
0.019262
0.040679
0.031085
0.072895
0.027700
0.062921
0.022576
0.066765
0.008214
0.016197
0.017602
0.017130
0.003615
0.082460
0.060644
0.002274
0.017466
0.023009
0.040984
0.001890
0.010398
0.078684
0.026916
0.015343
0.013124
0.039483
0.024696
0.027637
0.002032
0.027002
0.007845
0.006151
0.024519
0.001273
0.008935
0.018708
0.031517
0.012495
0.001533
0.019534
0.008760
0.005376
0.044913
0.039500
0.060793
0.014027
0.006455
0.158345
0.012440
0.093219
0.038204
0.068248
0.143338
0.157584
0.143754
0.078467
0.008661
0.166603
0.167511
0.166056
0.200304
0.111103
0.036029
0.002915
0.063303
0.080134
0.040819
0.077620
0.072510
0.034509
0.005368
0.006631
0.088291
0.096877
0.066267
0.021303
0.000297
0.122209
0.027752
0.020539
0.010393
0.004948
0.104461
0.101204
0.042217
0.066740
0.017074
0.005524
0.001217
0.011342
0.000062
0.009978
0.009217
0.085034
0.013480
0.003144
0.013643
0.006391
0.081540
0.198639
0.032413
0.022950
0.113434
0.004957
0.034389
0.007219
0.020090
0.074650
0.056024
0.003388
0.019888
0.023861
0.019529
0.037186
0.013580
0.061065
0.004736
0.010900
0.022459
0.026233
0.015452
0.032957
0.008767
0.048460
0.016162
0.003721
0.144520
0.098525
0.030250
0.042674
0.079540
0.047186
0.018032
0.034190
0.032965
0.028904
0.017058
0.076425
0.069616
0.007098
0.020553
0.011375
0.010377
0.017347
0.003744
0.079121
0.006264
0.040579
0.034361
0.052339
0.026922
0.018784
0.061777
0.016028
0.096830
0.051636
0.082798
0.007564
0.000947
0.004178
0.018706
0.008191
0.005138
0.012810
0.032424
0.088273
0.056796
0.047494
0.042134
0.114006
0.107644
0.033532
0.043309
0.004119
0.015024
0.093361
0.060955
0.069654
0.125401
0.130846
0.051961
0.054002
0.038856
0.135078
0.073753
0.056210
0.053349
0.081694
0.059478
0.019534
0.044598
0.049745
0.031757
0.013509
0.054019
0.049119
0.043823
0.012544
0.002731
0.019433
0.030229
0.086841
0.059429
0.068562
0.066406
0.059252
0.048037
0.008595
0.023113
0.066470
0.004219
0.100940
0.032209
0.002291
0.260293
0.219030
0.037013
0.037282
0.014408
0.073918
0.023803
0.019632
0.038766
0.018848
0.001492
0.021526
0.089933
0.097721
0.081639
0.006037
0.128866
0.127631
0.139518
0.008564
0.057134
0.031725
0.028134
0.019514
0.084597
0.010303
0.074536
0.070349
0.217314
0.027713
0.022798
0.036397
0.008416
0.007032
0.024954
0.019526
0.037131
0.040404
0.046887
0.054282
0.014863
0.001225
0.055073
0.077544
0.043976
0.037726
0.100893
0.082514
0.022299
0.026708
0.014034
0.068112
0.006468
0.101970
0.102670
0.025639
0.041247
0.071327
0.001143
0.010067
0.041341
0.066215
0.020852
0.028987
0.042277
0.031219
0.018441
0.064095
0.032865
0.007043
0.245360
0.107504
0.023498
0.116771
0.014657
0.041270
0.041441
0.015656
0.007360
0.004189
0.009854
0.030531
0.007078
0.056835
0.108925
0.073731
0.015788
0.068680
0.002247
0.039092
0.097973
0.044470
0.059950
0.143632
0.279562
0.259365
0.159534
0.124720
0.163649
0.158224
0.155249
0.125679
0.230834
0.158205
0.156074
0.034130
0.051346
0.070866
0.073228
0.058020
0.011473
0.130826
0.071963
0.081546
0.043860
0.018462
0.045312
0.079753
0.064637
0.020763
0.015622
0.004260
0.112292
0.025639
0.022282
0.039587
0.002325
0.021546
0.058833
0.366194
0.254756
0.218572
0.208111
0.263329
0.233509
0.080071
0.203555
0.135317
0.136254
0.087708
0.107337
0.094219
0.007555
0.011707
0.231844
0.157110
0.021549
0.043566
0.009648
0.284251
0.048511
0.028299
0.234181
0.167634
0.010349
0.188070
0.174945
0.133166
0.033128
0.041695
0.001713
0.005895
0.022647
0.010196
0.088191
0.075596
0.026486
0.054576
0.001858
0.065377
0.084325
0.062444
0.043519
0.068963
0.124287
0.137969
0.025400
0.077170
0.025005
0.016706
0.008864
0.027105
0.002495
0.037313
0.063126
0.042150
0.166128
0.053557
0.015656
0.059636
0.071364
0.017181
0.117406
0.082901
0.063087
0.000791
0.051446
0.062654
0.034939
0.044272
0.028652
0.355660
0.015319
0.003532
0.077729
0.002711
0.009307
0.002573
0.117800
0.194863
0.114202
0.108982
0.061772
0.109458
0.156374
0.276401
0.278548
0.302579
0.384102
0.319247
0.027309
0.022591
0.010400
0.025109
0.297196
0.208726
0.073097
0.093231
0.042601
0.005291
0.039232
0.022206
0.014939
0.019441
0.046866
0.069452
0.001482
0.027160
0.014503
0.067103
0.005581
0.002335
0.045197
0.028583
0.014867
0.048990
0.034290
0.012053
0.154821
0.154656
0.070776
0.012208
0.004563
0.042622
0.053460
0.039153
0.070492
0.038335
0.026415
0.051532
0.009065
0.011526
0.067919
0.008197
0.025873
0.165506
0.087071
0.013318
0.056605
0.027289
0.014880
0.029143
0.031784
0.093942
0.018934
0.077986
0.010488
0.106661
0.044136
0.043875
0.012934
0.005826
0.046901
0.054185
0.019007
0.000036
0.042291
0.027097
0.023351
0.032059
0.032871
0.049838
0.029823
0.025521
0.003064
0.011323
0.057131
0.023362
0.029370
0.025248
0.089677
0.001785
0.001154
0.094404
0.108820
0.077946
0.081180
0.065676
0.103135
0.018275
0.013919
0.060627
0.001440
0.093972
0.088133
0.033520
0.043112
0.042039
0.118942
0.092066
0.078672
0.076998
0.074210
0.019391
0.062479
0.073577
0.029859
0.016387
0.097148
0.049078
0.002102
0.048321
0.010938
0.035122
0.004896
0.082471
0.013253
0.018291
0.067872
0.059981
0.042995
0.009606
0.032863
0.203400
0.198722
0.136075
0.005097
0.009529
0.009245
0.030000
0.023466
0.033127
0.061516
0.052380
0.037235
0.018390
0.006409
0.152011
0.069117
0.053627
0.026819
0.053513
0.068213
0.014569
0.084831
0.049085
0.025682
0.076193
0.015872
0.027822
0.098885
0.019943
0.017426
0.021827
0.008205
0.064453
0.059259
0.257634
0.264816
0.291356
0.282878
0.150762
0.057566
0.013311
0.041264
0.017649
0.065003
0.058279
0.004276
0.017739
0.040211
0.049358
0.078292
0.005282
0.032863
0.000142
0.183836
0.113525
0.131226
0.114671
0.210223
0.263604
0.535413
0.478715
0.338892
0.342480
0.292504
0.287144
0.116321
0.032411
0.029179
0.039238
0.014139
0.005579
0.026948
0.039890
0.039734
0.020967
0.020375
0.051237
0.071573
0.079541
0.131620
0.000294
0.003172
0.068786
0.054364
0.164383
0.255424
0.128188
0.119113
0.137392
0.082756
0.012712
0.073582
0.046104
0.056939
0.043090
0.089069
0.083642
0.008479
0.080773
0.083053
0.046382
0.044650
0.107940
0.008594
0.055726
0.047123
0.047677
0.010832
0.050669
0.023688
0.057163
0.031353
0.054541
0.078463
0.064545
0.036635
0.002713
0.011988
0.147443
0.066775
0.136865
0.103226
0.107512
0.116512
0.104965
0.014637
0.091906
0.071615
0.378417
0.184087
0.105606
0.164244
0.099816
0.073596
0.021888
0.028025
0.024214
0.029118
0.021192
0.010547
0.025264
0.055178
0.043388
0.049013
0.077874
0.005992
0.042619
0.027688
0.024623
0.035290
0.038592
0.010803
0.010060
0.003056
0.062834
0.071110
0.006068
0.097012
0.005796
0.149568
0.097041
0.124273
0.078205
0.218015
0.079614
0.024669
0.009181
0.034819
0.028455
0.033169
0.013928
0.005106
0.110710
0.092095
0.111008
0.116084
0.025973
0.118081
0.074335
0.042905
0.036059
0.000211
0.067845
0.066210
0.086136
0.009443
0.051047
0.017101
0.196217
0.016047
0.014061
0.032624
0.029926
0.024636
0.016483
0.010143
0.042690
0.078690
0.044412
0.028693
0.004417
0.135991
0.092825
0.076455
0.118432
0.044948
0.018379
0.024897
0.024592
0.080736
0.016649
0.052427
0.005757
0.082138
0.072915
0.065319
0.057901
0.143736
0.067238
0.005131
0.021438
0.021980
0.045673
0.012892
0.062231
0.050684
0.086827
0.015702
0.015386
0.061300
0.038927
0.108913
0.030094
0.065920
0.054167
0.022021
0.005027
0.004422
0.042402
0.055232
0.040807
0.028345
0.016557
0.003819
0.117230
0.100440
0.141222
0.142106
0.164549
0.185375
0.041873
0.034741
0.008756
0.030473
0.026207
0.000897
0.005559
0.056841
0.086603
0.087432
0.039728
0.096695
0.079321
0.033897
0.009159
0.042576
0.041321
0.165159
0.126127
0.014021
0.030130
0.025277
0.107491
0.111514
0.042635
0.042442
0.016705
0.032025
0.016540
0.028384
0.003311
0.033276
0.020720
0.011193
0.124137
0.039285
0.000847
0.011349
0.003474
0.042805
0.093888
0.118097
0.068938
0.062589
0.210680
0.033201
0.002275
0.115052
0.335981
0.282747
0.390336
0.342274
0.342790
0.113272
0.003258
0.054052
0.025272
0.028437
0.001610
0.016862
0.028322
0.005940
0.012307
0.001248
0.114230
0.005059
0.034031
0.005053
0.007167
0.137502
0.026774
0.003253
0.051979
0.038039
0.035693
0.035352
0.042763
0.014145
0.118348
0.007971
0.113412
0.037004
0.095743
0.061498
0.098162
0.087664
0.016843
0.016063
0.003884
0.185419
0.121809
0.046210
0.010651
0.028054
0.094750
0.067917
0.077853
0.017633
0.066964
0.052386
0.014644
0.056963
0.079152
0.052266
0.067095
0.045335
0.005595
0.031560
0.110920
0.102587
0.078587
0.038177
0.033960
0.050076
0.007663
0.007260
0.041852
0.003514
0.012942
0.025176
0.015953
0.004093
0.000658
0.023185
0.005753
0.018749
0.114136
0.042628
0.022325
0.303903
0.117045
0.179117
0.045425
0.000941
0.159946
0.138791
0.111008
0.071240
0.036131
0.021347
0.023045
0.069840
0.054042
0.031731
0.040602
0.068518
0.076148
0.082793
0.114184
0.090914
0.024871
0.046056
0.024277
0.126806
0.052159
0.049782
0.200228
0.190091
0.145405
0.171079
0.235519
0.232325
0.367918
0.318708
0.323791
0.016855
0.120502
0.020169
0.088469
0.071889
0.006992
0.219278
0.029299
0.000482
0.011872
0.001700
0.010427
0.034032
0.015611
0.009057
0.006237
0.008625
0.192855
0.091795
0.084669
0.066758
0.006046
0.084146
0.046021
0.089915
0.014578
0.001473
0.114177
0.006800
0.057008
0.040445
0.034650
0.041792
0.114925
0.017775
0.059989
0.042078
0.061960
0.072149
0.008437
0.015145
0.100110
0.090968
0.015900
0.122961
0.057199
0.053383
0.087026
0.046676
0.012414
0.005334
0.009137
0.016675
0.011055
0.050789
0.002145
0.035776
0.058303
0.037843
0.030895
0.008670
0.002555
0.100518
0.068921
0.046689
0.033297
0.047589
0.007452
0.087675
0.061791
0.095457
0.053821
0.103368
0.084976
0.024713
0.209403
0.025468
0.037886
0.045263
0.021791
0.026507
0.043003
0.084187
0.103211
0.085475
0.045790
0.026594
0.003996
0.068976
0.080110
0.002913
0.008281
0.026081
0.003359
0.065814
0.082093
0.053952
0.047071
0.025281
0.025056
0.002369
0.025255
0.164742
0.023135
0.043963
0.050066
0.037904
0.030868
0.010400
0.055545
0.020345
0.173874
0.163931
0.164369
0.169688
0.180329
0.071821
0.095329
0.051568
0.072022
0.052784
0.093218
0.009594
0.004858
0.207127
0.204220
0.042377
0.004218
0.033859
0.022925
0.002022
0.131512
0.011842
0.122572
0.109124
0.127135
0.114085
0.006708
0.061138
0.005463
0.015788
0.059061
0.046733
0.016274
0.002999
0.036627
0.015451
0.105122
0.140254
0.066666
0.164741
0.133804
0.107585
0.013105
0.011360
0.072287
0.025052
0.054662
0.009448
0.000575
0.068419
0.018714
0.018903
0.041373
0.006585
0.056171
0.027580
0.032838
0.070572
0.036110
0.005591
0.024720
0.024573
0.085475
0.027223
0.007988
0.005677
0.018924
0.129241
0.109489
0.161134
0.265892
0.010409
0.038386
0.037130
0.031572
0.011840
0.004533
0.020904
0.058722
0.003677
0.011550
0.045762
0.067557
0.002572
0.049888
0.034439
0.020607
0.009067
0.145081
0.130942
0.052772
0.056261
0.010221
0.001551
0.036625
0.091909
0.023240
0.054296
0.000917
0.032861
0.011574
0.141947
0.077871
0.015212
0.031741
0.030721
0.037174
0.000798
0.023427
0.005382
0.014088
0.040462
0.006331
0.063717
0.014512
0.001421
0.115566
0.029987
0.083257
0.033376
0.048983
0.022646
0.016819
0.005704
0.041971
0.028796
0.036132
0.007946
0.014438
0.010071
0.090790
0.024048
0.070375
0.004999
0.074285
0.067923
0.069493
0.042084
0.094744
0.010321
0.031938
0.008349
0.056070
0.054089
0.114382
0.087385
0.041603
0.026562
0.024645
0.049144
0.014534
0.106664
0.000965
0.009963
0.121558
0.093659
0.047415
0.045853
0.074690
0.014390
0.010142
0.104536
0.041923
0.036503
0.000005
0.020587
0.001224
0.005688
0.027888
0.045477
0.066617
0.010151
0.048674
0.022480
0.042503
0.009717
0.118374
0.094213
0.134274
0.082140
0.205061
0.102309
0.043730
0.026019
0.081105
0.056708
0.050620
0.092469
0.061671
0.014939
0.036994
0.083686
0.009270
0.060749
0.059654
0.095089
0.089719
0.019721
0.042678
0.019845
0.080140
0.092758
0.075168
0.052266
0.001507
0.020949
0.077217
0.050911
0.025364
0.074117
0.096469
0.009467
0.020938
0.034693
0.128124
0.056835
0.114447
0.004434
0.027366
0.072472
0.022497
0.073908
0.108974
0.014127
0.028213
0.023267
0.021656
0.071441
0.025445
0.039855
0.016781
0.017511
0.026652
0.085724
0.011218
0.087544
0.008096
0.030765
0.026526
0.020363
0.017966
0.080567
0.020844
0.008062
0.004826
0.070891
0.027191
0.033798
0.032818
0.031328
0.031004
0.043662
0.020439
0.073825
0.047024
0.062457
0.078873
0.068591
0.119832
0.023750
0.004600
0.006638
0.154985
0.035961
0.057381
0.128122
0.119429
0.036648
0.058035
0.088322
0.078936
0.061017
0.042696
0.049453
0.049232
0.023750
0.003754
0.024080
0.006155
0.014519
0.182972
0.121862
0.131583
0.173398
0.117002
0.097367
0.096403
0.006729
0.244073
0.172173
0.185244
0.198254
0.156482
0.176279
0.346255
0.341578
0.376700
0.073042
0.028517
0.125106
0.045378
0.019000
0.037585
0.019679
0.010924
0.014332
0.065291
0.007038
0.012832
0.009706
0.001085
0.038909
0.032596
0.029142
0.010371
0.008050
0.011554
0.114897
0.038863
0.007904
0.000719
0.073419
0.033639
0.008019
0.053681
0.095183
0.029697
0.034181
0.155277
0.128288
0.017104
0.046802
0.020094
0.038393
0.030942
0.144719
0.114028
0.065128
0.112913
0.003945
0.025209
0.059078
0.045213
0.020187
0.016044
0.012629
0.014441
0.001762
0.149777
0.024581
0.075765
0.010307
0.005014
0.113143
0.036375
0.001925
0.042746
0.005722
0.032381
0.109004
0.001598
0.011533
0.152722
0.111589
0.046298
0.096157
0.069301
0.029532
0.023571
0.100667
0.105038
0.055746
0.077879
0.013408
0.014027
0.021606
0.001371
0.098572
0.029978
0.020038
0.127951
0.041513
0.028214
0.026232
0.064038
0.018298
0.030306
0.079492
0.057826
0.147995
0.035356
0.069680
0.083755
0.075719
0.034127
0.027282
0.013938
0.016264
0.018138
0.100709
0.029612
0.026973
0.056584
0.055965
0.075283
0.096621
0.018588
0.003707
0.016171
0.000747
0.046069
0.032577
0.030283
0.026967
0.025157
0.003205
0.049830
0.034666
0.040989
0.082818
0.049256
0.045558
0.005024
0.107833
0.084266
0.093399
0.076220
0.026132
0.083620
0.260446
0.247076
0.232397
0.391490
0.313741
0.281754
0.022826
0.019196
0.021997
0.053013
0.063388
0.001045
0.005502
0.073175
0.065554
0.006680
0.058082
0.057987
0.210740
0.161379
0.218018
0.127848
0.146620
0.137971
0.101591
0.013458
0.104263
0.096888
0.115969
0.110908
0.017567
0.054043
0.017678
0.002905
0.094152
0.095119
0.027369
0.221886
0.194690
0.124982
0.017131
0.032658
0.027023
0.016705
0.018087
0.015396
0.097733
0.013862
0.061460
0.018062
0.001851
0.033605
0.046956
0.014376
0.000909
0.098009
0.247014
0.012717
0.026536
0.029870
0.242497
0.152644
0.153565
0.165080
0.053948
0.011207
0.015349
0.075426
0.017380
0.069894
0.103837
0.031940
0.161521
0.028794
0.029048
0.000841
0.007212
0.053334
0.064760
0.030283
0.010555
0.002737
0.046680
0.008827
0.035591
0.033679
0.027903
0.055867
0.142114
0.059779
0.004836
0.011270
0.023992
0.031787
0.006313
0.006488
0.010937
0.004358
0.065961
0.051738
0.016025
0.092606
0.044656
0.156059
0.044877
0.123512
0.081134
0.081392
0.101270
0.070424
0.063715
0.036999
0.053050
0.012261
0.027218
0.041226
0.024025
0.033992
0.050931
0.025020
0.047352
0.026110
0.008453
0.028591
0.012104
0.023145
0.016999
0.025074
0.073984
0.004408
0.002760
0.042757
0.020294
0.035747
0.001989
0.050659
0.031810
0.004810
0.018847
0.003028
0.037350
0.049495
0.001750
0.040025
0.273142
0.255499
0.197573
0.056173
0.084076
0.054357
0.038157
0.008425
0.078298
0.109188
0.172293
0.029861
0.024740
0.024589
0.039647
0.040845
0.077286
0.002525
0.015776
0.009945
0.052044
0.014913
0.064664
0.033287
0.054837
0.022711
0.011961
0.168850
0.133597
0.157588
0.049816
0.022976
0.010249
0.126981
0.044194
0.066980
0.065188
0.036280
0.003960
0.000479
0.043195
0.003910
0.014054
0.078782
0.017421
0.035002
0.006162
0.002535
0.014592
0.003830
0.008981
0.019487
0.030520
0.028549
0.111465
0.200281
0.168155
0.143552
0.049099
0.145384
0.090777
0.080495
0.007851
0.002856
0.001280
0.052769
0.057626
0.013556
0.015560
0.031488
0.025274
0.009629
0.032688
0.017822
0.034515
0.015375
0.011052
0.012687
0.028530
0.044824
0.050887
0.035018
0.016030
0.006013
0.011870
0.014263
0.044232
0.017067
0.029969
0.005406
0.001839
0.027343
0.035879
0.016512
0.004111
0.142619
0.084743
0.067084
0.067956
0.065587
0.167242
0.141210
0.189810
0.153646
0.289484
0.209078
0.208006
0.162397
0.137307
0.139360
0.129277
0.031555
0.001236
0.136287
0.052473
0.075466
0.187670
0.391291
0.413706
0.207215
0.154599
0.229179
0.156258
0.003478
0.004319
0.111174
0.046543
0.008857
0.011203
0.064582
0.039318
0.067423
0.039012
0.044210
0.017337
0.045314
0.070933
0.032324
0.016581
0.001916
0.057814
0.074305
0.019281
0.107078
0.001308
0.011923
0.002073
0.020335
0.051015
0.088481
0.049139
0.100384
0.010910
0.024302
0.039401
0.082281
0.059820
0.152817
0.127661
0.134700
0.207605
0.036275
0.028634
0.169757
0.005425
0.125517
0.044234
0.014656
0.013725
0.008342
0.071686
0.062599
0.015393
0.121016
0.004266
0.017171
0.000404
0.028307
0.036832
0.013533
0.065690
0.014592
0.013344
0.021478
0.053119
0.076477
0.083259
0.007101
0.088587
0.060665
0.038068
0.028518
0.075455
0.034997
0.000762
0.003850
0.018451
0.010196
0.019995
0.019091
0.138874
0.011397
0.010048
0.008653
0.018913
0.030757
0.127596
0.061204
0.065690
0.141146
0.012427
0.053862
0.046226
0.031905
0.056529
0.019738
0.098294
0.053920
0.129514
0.295859
0.318330
0.197920
0.132557
0.090867
0.033972
0.000041
0.046231
0.080381
0.022940
0.000556
0.070258
0.027975
0.018048
0.085012
0.111887
0.002241
0.200094
0.174789
0.018816
0.008603
0.006728
0.020227
0.099461
0.015623
0.020754
0.023542
0.010890
0.079139
0.000309
0.108409
0.014935
0.043233
0.008057
0.057555
0.071956
0.057131
0.056497
0.014222
0.024954
0.006926
0.013719
0.016111
0.033981
0.032697
0.029108
0.002992
0.263966
0.168197
0.008824
0.079678
0.068751
0.072475
0.067738
0.030296
0.002494
0.011287
0.074471
0.088105
0.058474
0.255053
0.177658
0.053334
0.050977
0.134993
0.082899
0.054896
0.026073
0.029006
0.206405
0.069564
0.122037
0.160011
0.123814
0.036108
0.130210
0.047658
0.021734
0.043959
0.020510
0.070323
0.047818
0.012087
0.074343
0.050239
0.017823
0.025660
0.005962
0.012091
0.033826
0.006855
0.021088
0.121338
0.023343
0.001683
0.092031
0.069286
0.001761
0.029175
0.040285
0.170185
0.124731
0.189442
0.133343
0.310643
0.142662
0.034732
0.010171
0.012712
0.058619
0.006496
0.036454
0.000473
0.025351
0.017938
0.013028
0.054412
0.015146
0.014346
0.107768
0.049765
0.013776
0.062589
0.003815
0.127743
0.074241
0.009652
0.020697
0.030243
0.055797
0.149522
0.052046
0.007344
0.009915
0.003989
0.092005
0.022083
0.042362
0.012112
0.008016
0.152472
0.151409
0.063979
0.109464
0.089020
0.283382
0.034299
0.000480
0.044532
0.030051
0.025878
0.022188
0.036080
0.097877
0.090903
0.028102
0.012716
0.009731
0.033807
0.022073
0.063396
0.006561
0.006918
0.106280
0.024562
0.080321
0.016361
0.038199
0.007198
0.165661
0.060396
0.029809
0.058792
0.005650
0.002506
0.039611
0.036682
0.026907
0.033573
0.010091
0.059402
0.054513
0.115655
0.055396
0.119899
0.017198
0.023824
0.028353
0.021828
0.012308
0.050932
0.101891
0.038199
0.195963
0.183876
0.238009
0.193235
0.009331
0.045151
0.001819
0.099209
0.096020
0.088679
0.031537
0.043798
0.017191
0.034049
0.021136
0.019886
0.050859
0.012347
0.041895
0.028545
0.035009
0.021871
0.005568
0.004418
0.006002
0.002069
0.044192
0.064262
0.091471
0.037352
0.046058
0.104212
0.092859
0.028008
0.017264
0.037405
0.035595
0.049333
0.139055
0.027273
0.067306
0.052051
0.087081
0.001086
0.005974
0.032919
0.106151
0.141699
0.139517
0.090700
0.171863
0.036087
0.034523
0.022710
0.060596
0.132141
0.117040
0.054903
0.050765
0.031946
0.004906
0.018667
0.001434
0.022749
0.139610
0.049248
0.046603
0.008545
0.104720
0.065416
0.056427
0.061322
0.008217
0.039850
0.134382
0.122602
0.042166
0.009113
0.000984
0.023446
0.059347
0.057244
0.023645
0.230033
0.334635
0.272447
0.210619
0.138326
0.130497
0.002844
0.018712
0.060086
0.076356
0.051100
0.023364
0.047277
0.018518
0.021793
0.020331
0.087150
0.045001
0.140678
0.080554
0.023726
0.002451
0.108842
0.088492
0.140269
0.006937
0.043374
0.018845
0.054558
0.008648
0.003378
0.023869
0.071474
0.070057
0.046785
0.086084
0.045656
0.177852
0.046666
0.113758
0.008782
0.029379
0.030730
0.006016
0.038546
0.027322
0.059907
0.027139
0.009030
0.012525
0.092399
0.003113
0.075737
0.007401
0.081553
0.044271
0.016860
0.028132
0.000284
0.008797
0.124481
0.034004
0.002476
0.090749
0.013169
0.056335
0.265830
0.192582
0.187502
0.212913
0.250667
0.238394
0.309714
0.388105
0.377966
0.382921
0.260422
0.045018
0.017574
0.040362
0.053399
0.022426
0.075783
0.117959
0.025535
0.105920
0.084302
0.008590
0.000013
0.024425
0.188218
0.051798
0.004132
0.055420
0.018233
0.081539
0.003909
0.011992
0.046135
0.059561
0.015796
0.084175
0.072101
0.061039
0.048763
0.039317
0.021328
0.026941
0.023432
0.034240
0.046758
0.010081
0.049479
0.006752
0.005464
0.033102
0.181596
0.033025
0.007462
0.032809
0.011605
0.035160
0.029438
0.006106
0.011144
0.008964
0.010331
0.051481
0.009743
0.016186
0.003410
0.118537
0.094268
0.067963
0.192587
0.004453
0.034094
0.007260
0.068475
0.021091
0.024117
0.008370
0.032786
0.034484
0.054122
0.032988
0.146929
0.003138
0.033401
0.119006
0.041667
0.010429
0.045375
0.043874
0.139353
0.058368
0.043054
0.028059
0.023990
0.027358
0.005193
0.080273
0.118925
0.026068
0.020812
0.076501
0.043122
0.072972
0.105000
0.022047
0.013822
0.013723
0.015487
0.006576
0.004052
0.029376
0.021481
0.035967
0.034506
0.014045
0.009770
0.098634
0.085831
0.095322
0.064194
0.007866
0.014067
0.008132
0.009888
0.005960
0.088091
0.036388
0.017487
0.007916
0.012577
0.000839
0.005167
0.028935
0.069840
0.061322
0.045155
0.036266
0.067882
0.084086
0.011101
0.101663
0.052999
0.062595
0.049146
0.030465
0.026693
0.023547
0.037805
0.037360
0.002146
0.001379
0.076893
0.064903
0.079143
0.010351
0.039783
0.046998
0.063232
0.086228
0.031888
0.028409
0.022073
0.002120
0.013106
0.012385
0.013797
0.005738
0.032407
0.065399
0.062582
0.105528
0.030969
0.067591
0.101940
0.069487
0.009938
0.018069
0.065124
0.040568
0.011729
0.005584
0.143494
0.009363
0.002659
0.074331
0.031619
0.005113
0.231765
0.173518
0.112794
0.121777
0.043727
0.037275
0.020520
0.111001
0.162059
0.011631
0.021850
0.014800
0.021625
0.080653
0.051683
0.053834
0.008537
0.000416
0.050685
0.028195
0.070231
0.062671
0.097643
0.261074
0.251853
0.257127
0.196894
0.227390
0.261066
0.068619
0.068619
0.059065
0.269849
0.283634
0.053760
0.081077
0.089924
0.001929
0.063109
0.043630
0.027510
0.025736
0.044971
0.029701
0.035829
0.016553
0.005887
0.006957
0.075648
0.071494
0.084151
0.052372
0.039222
0.029174
0.012599
0.166693
0.080104
0.025413
0.074455
0.069661
0.024925
0.083503
0.004783
0.063575
0.062339
0.011131
0.057547
0.018241
0.057148
0.020449
0.107674
0.016595
0.067228
0.112272
0.101975
0.154673
0.117291
0.032284
0.062955
0.000770
0.052045
0.035963
0.051083
0.007971
0.006629
0.027123
0.025099
0.045797
0.002411
0.107580
0.105425
0.037729
0.000092
0.007974
0.101225
0.106423
0.057308
0.011575
0.013488
0.008678
0.088027
0.005067
0.069939
0.030226
0.069743
0.035720
0.061592
0.053185
0.040455
0.006331
0.048062
0.078048
0.010054
0.201722
0.083666
0.014277
0.087503
0.076330
0.006610
0.036371
0.071144
0.116267
0.043693
0.023560
0.000527
0.057152
0.245398
0.087237
0.000926
0.057334
0.031522
0.028233
0.013088
0.034539
0.126422
0.064454
0.120259
0.040331
0.091016
0.058071
0.069808
0.164332
0.012663
0.056792
0.000910
0.014182
0.146773
0.008733
0.013064
0.014492
0.029020
0.018327
0.017952
0.026645
0.072119
0.055386
0.150265
0.135940
0.068286
0.052806
0.034917
0.024706
0.029883
0.002963
0.004878
0.093083
0.001925
0.076737
0.035324
0.040942
0.047335
0.012840
0.141997
0.050905
0.065205
0.053390
0.038453
0.018488
0.001486
0.026253
0.009035
0.018959
0.026014
0.007939
0.042811
0.104132
0.028931
0.008938
0.002364
0.081455
0.026188
0.005196
0.045568
0.058069
0.067255
0.035010
0.102429
0.138071
0.068039
0.129788
0.132625
0.026176
0.080969
0.004574
0.164896
0.004973
0.028358
0.029606
0.020862
0.090189
0.003813
0.012996
0.062320
0.017273
0.011514
0.071139
0.003878
0.034418
0.018846
0.026026
0.046876
0.320652
0.226249
0.005383
0.199271
0.003566
0.216801
0.010659
0.015720
0.110678
0.021623
0.032762
0.050912
0.035308
0.017114
0.009976
0.032375
0.013199
0.012493
0.037251
0.013168
0.054193
0.108771
0.022568
0.011249
0.140394
0.064725
0.033843
0.037492
0.067207
0.061673
0.094605
0.051124
0.046049
0.007652
0.056083
0.026293
0.024337
0.049933
0.044304
0.036009
0.042373
0.013198
0.014288
0.025820
0.019591
0.019875
0.049303
0.069311
0.003084
0.046964
0.006173
0.012109
0.014062
0.009836
0.000246
0.011938
0.013086
0.031747
0.068880
0.018495
0.082800
0.039417
0.232876
0.112611
0.017276
0.029242
0.001392
0.009890
0.088513
0.066359
0.062095
0.043130
0.258625
0.172066
0.210183
0.005412
0.042600
0.030972
0.020416
0.053712
0.039881
0.047289
0.010787
0.053906
0.011914
0.020341
0.005115
0.042822
0.043005
0.016656
0.035462
0.034458
0.026908
0.025337
0.021145
0.135491
0.034353
0.043450
0.006588
0.092186
0.149241
0.030528
0.019205
0.230237
0.067801
0.001976
0.018511
0.035440
0.015182
0.000069
0.052695
0.113224
0.074528
0.043579
0.027687
0.010597
0.004374
0.094165
0.093717
0.111003
0.119585
0.060567
0.175728
0.240133
0.000983
0.032062
0.054684
0.065441
0.022575
0.079285
0.012760
0.010828
0.007604
0.004940
0.017458
0.127366
