0.000000
0.060149
0.000000
0.017771
0.025552
0.061655
0.000000
0.000000
0.000000
0.000000
0.000000
0.048117
0.023447
0.000000
0.000000
0.014612
0.000000
0.000000
0.000000
0.000000
0.000000
0.002013
0.073918
0.000000
0.000000
0.000000
0.018238
0.000000
0.066712
0.058376
0.000000
0.000000
0.000000
0.000000
0.000000
0.000000
0.000000
0.000000
0.000000
0.000000
0.000000
0.000000
0.000000
0.000000
0.000000
0.000000
0.000000
0.091106
0.032847
0.000000
0.000000
0.000000
0.000000
0.000000
0.000000
0.000000
0.000000
0.000000
0.000000
0.000000
0.000000
0.000000
0.000000
0.000000
0.000534
0.000000
0.049382
0.000000
0.028515
0.000000
0.244861
0.045644
0.000000
0.041766
0.000000
0.000000
0.000000
0.000000
0.000000
0.000000
0.000000
0.008325
0.000000
0.103757
0.022660
0.000000
0.048146
0.000000
0.047149
0.000000
0.000000
0.000000
0.000000
0.000000
0.000000
0.000000
0.000000
0.000000
0.000000
0.000000
0.000000
0.000000
0.000000
0.000000
0.000000
0.000000
0.000000
0.000000
0.022028
0.000000
0.000000
0.000000
0.000000
0.059588
0.000000
0.000000
0.000000
0.000000
0.044457
0.000000
0.000000
0.068290
0.000000
0.000000
0.093875
0.000000
0.000000
0.000000
0.000000
0.000000
0.000000
0.000000
0.000000
0.000000
0.050358
0.042448
0.000000
0.009415
0.000000
0.000000
0.000000
0.000000
0.000000
0.000000
0.000000
0.000000
0.000000
0.005249
0.000000
0.058040
0.068357
0.000000
0.000000
0.000000
0.000000
0.000000
0.101932
0.028288
0.072261
0.000000
0.018131
0.000000
0.041743
0.000000
0.000000
0.000000
0.000000
0.000000
0.000000
0.000000
0.000000
0.000000
0.000000
0.000000
0.000000
0.031353
0.000000
0.056931
0.000000
0.000000
0.000000
0.201610
0.000000
0.000000
0.012662
0.000000
0.000000
0.000000
0.000000
0.118795
0.029629
0.036592
0.004712
0.101587
0.000000
0.000000
0.000000
0.000000
0.348741
0.062236
0.016445
0.016002
0.006436
0.015039
0.031884
0.000000
0.000000
0.080025
0.031068
0.000000
0.024900
0.000000
0.000000
0.000000
0.000000
0.000000
0.000000
0.000000
0.000000
0.000000
0.000000
0.076369
0.020203
0.000000
0.000000
0.000000
0.000000
0.179301
0.000000
0.000000
0.000000
0.000000
0.000000
0.054631
0.000000
0.000000
0.000000
0.000000
0.000000
0.000000
0.000000
0.010255
0.000000
0.000000
0.120204
0.000000
0.000000
0.136977
0.000000
0.000000
0.000000
0.000000
0.000000
0.000000
0.026418
0.000000
0.002100
0.051687
0.034238
0.009665
0.044892
0.000000
0.000000
0.000000
0.000000
0.000000
0.000000
0.000000
0.022866
0.000000
0.000000
0.048174
0.000000
0.085385
0.000000
0.000000
0.000000
0.000000
0.000000
0.066270
0.000000
0.016392
0.000000
0.000000
0.000000
0.000000
0.027359
0.000000
0.000000
0.000000
0.124980
0.004743
0.000000
0.000000
0.065207
0.031827
0.000000
0.000000
0.082145
0.000000
0.000000
0.016489
0.000000
0.000000
0.000000
0.000000
0.000000
0.000000
0.000000
0.000000
0.000000
0.106203
0.000000
0.000000
0.000000
0.000000
0.060970
0.000000
0.000000
0.000000
0.019962
0.000000
0.048298
0.000000
0.000000
0.000000
0.000000
0.000000
0.000000
0.000000
0.000000
0.000000
0.073980
0.066810
0.000000
0.000000
0.000000
0.000000
0.000000
0.000000
0.000000
0.000000
0.000000
0.000000
0.000000
0.000000
0.000000
0.000000
0.000000
0.051937
0.000000
0.117510
0.094369
0.149135
0.003055
0.083447
0.020462
0.000000
0.013978
0.000000
0.000000
0.000000
0.000000
0.062293
0.081912
0.000000
0.000000
0.000000
0.139834
0.019740
0.000000
0.005352
0.000000
0.000000
0.000000
0.005118
0.147794
0.083593
0.020845
0.066691
0.021616
0.000000
0.060966
0.000000
0.000000
0.006249
0.029578
0.000000
0.000000
0.000000
0.000000
0.000000
0.000000
0.031576
0.000000
0.000000
0.000000
0.000000
0.053969
0.018596
0.000000
0.000000
0.000000
0.000000
0.000000
0.000000
0.000000
0.000000
0.132666
0.171927
0.029087
0.137042
0.051526
0.028967
0.094785
0.007605
0.000000
0.000000
0.067384
0.008189
0.014054
0.000000
0.000000
0.069793
0.025018
0.000000
0.000039
0.000000
0.000000
0.000000
0.011271
0.000000
0.000000
0.000000
0.036769
0.000000
0.000000
0.083934
0.010866
0.000000
0.000000
0.000000
0.000000
0.000000
0.000000
0.000000
0.105656
0.000130
0.005452
0.000000
0.000000
0.000000
0.000000
0.000000
0.000000
0.000000
0.000000
0.031206
0.000000
0.021403
0.017789
0.054268
0.000000
0.000000
0.073917
0.011659
0.000000
0.000000
0.102011
0.099877
0.000000
0.000000
0.000000
0.026792
0.002434
0.040108
0.106970
0.019941
0.001671
0.000000
0.000000
0.049709
0.050039
0.006659
0.002908
0.000000
0.000000
0.081169
0.057833
0.109412
0.008605
0.000000
0.019501
0.000000
0.000000
0.000000
0.000000
0.013955
0.077912
0.039392
0.000000
0.000000
0.000000
0.000000
0.000000
0.000000
0.000000
0.021366
0.000000
0.054790
0.017920
0.084551
0.010115
0.000000
0.000000
0.042539
0.021270
0.128019
0.000000
0.000000
0.000000
0.000000
0.000000
0.000000
0.036179
0.032785
0.000000
0.000000
0.000000
0.011813
0.000000
0.000000
0.000000
0.069174
0.000000
0.000000
0.000000
0.000000
0.000000
0.000000
0.000000
0.000000
0.027616
0.159284
0.134712
0.169947
0.026203
0.068921
0.084950
0.009351
0.055323
0.000000
0.000000
0.088728
0.000000
0.000000
0.000000
0.000000
0.000000
0.000000
0.000000
0.063648
0.000000
0.027855
0.000000
0.000000
0.000000
0.000000
0.000000
0.000000
0.000000
0.000000
0.000000
0.000000
0.000000
0.007359
0.000000
0.000000
0.101270
0.075022
0.094617
0.005433
0.000000
0.125490
0.000000
0.010972
0.000000
0.000000
0.000000
0.024817
0.000000
0.000000
0.000000
0.000000
0.000000
0.000000
0.000000
0.000000
0.133576
0.009637
0.000000
0.000000
0.000000
0.000000
0.000000
0.000000
0.000000
0.003683
0.000000
0.000000
0.000000
0.001870
0.000000
0.000000
0.000000
0.002614
0.000000
0.082760
0.000000
0.000000
0.000000
0.000000
0.000000
0.010256
0.000000
0.000000
0.000000
0.000000
0.000000
0.000000
0.000000
0.000000
0.011395
0.000000
0.000000
0.000000
0.000000
0.000000
0.000000
0.065800
0.000000
0.000000
0.000000
0.000000
0.000000
0.092134
0.011521
0.000000
0.000000
0.000000
0.000000
0.024391
0.000000
0.000000
0.000000
0.000000
0.000000
0.000000
0.000000
0.000000
0.000000
0.000000
0.033755
0.116302
0.274020
0.096254
0.008856
0.016893
0.015011
0.000000
0.036722
0.020770
0.022118
0.004473
0.017555
0.000319
0.000000
0.000000
0.000000
0.075702
0.000000
0.000000
0.000000
0.056065
0.051686
0.080125
0.000000
0.000000
0.000000
0.000000
0.000000
0.000000
0.000000
0.000000
0.000000
0.000000
0.001262
0.008263
0.000000
0.072911
0.025258
0.000000
0.000000
0.000000
0.000000
0.000000
0.000000
0.063679
0.030823
0.000000
0.000000
0.059077
0.000000
0.000000
0.224069
0.000000
0.038022
0.002523
0.000000
0.000000
0.000000
0.018158
0.000000
0.009455
0.000000
0.000000
0.006878
0.000000
0.000789
0.020435
0.000000
0.000000
0.027920
0.000000
0.000000
0.037860
0.000000
0.052374
0.000000
0.000000
0.015239
0.000000
0.000000
0.135264
0.050959
0.028662
0.100442
0.015626
0.085110
0.033735
0.000000
0.000000
0.000000
0.000000
0.093411
0.115633
0.079383
0.054616
0.087724
0.198033
0.029229
0.087852
0.197356
0.000000
0.000000
0.000000
0.116113
0.000000
0.000000
0.002063
0.000000
0.000000
0.000000
0.000000
0.000000
0.000000
0.000000
0.000362
0.000000
0.000000
0.000000
0.000000
0.000000
0.000000
0.047174
0.000000
0.000000
0.001394
0.000000
0.000000
0.000000
0.019293
0.000000
0.017978
0.000000
0.000000
0.000000
0.000000
0.035904
0.026375
0.000000
0.000000
0.000000
0.000000
0.000000
0.000000
0.000000
0.000000
0.000000
0.000000
0.027391
0.066041
0.000000
0.000000
0.000000
0.000000
0.026383
0.000000
0.000000
0.000000
0.000000
0.000000
0.000000
0.038590
0.000000
0.000000
0.083859
0.065695
0.000000
0.000000
0.024684
0.000000
0.000000
0.181305
0.000000
0.000000
0.000000
0.000000
0.009355
0.059447
0.000000
0.041358
0.051574
0.079658
0.223701
0.071595
0.055355
0.009111
0.182847
0.021221
0.018363
0.000000
0.048827
0.008465
0.000000
0.000000
0.000000
0.000000
0.000000
0.056939
0.000000
0.000000
0.000000
0.000000
0.000000
0.000000
0.000000
0.000000
0.000000
0.000000
0.000000
0.042711
0.092919
0.112671
0.074157
0.043831
0.039395
0.000000
0.000000
0.000000
0.000000
0.117827
0.022976
0.000000
0.000000
0.000000
0.017781
0.000000
0.000000
0.000000
0.000000
0.009033
0.000000
0.004501
0.000000
0.000000
0.000000
0.000000
0.000000
0.000000
0.000000
0.000000
0.000000
0.000000
0.000000
0.000000
0.157252
0.038160
0.044648
0.067144
0.006300
0.003103
0.000000
0.000000
0.000000
0.017856
0.000000
0.048082
0.000000
0.078962
0.013262
0.000000
0.000000
0.014530
0.063341
0.002042
0.074724
0.000000
0.000000
0.000000
0.000000
0.000000
0.000000
0.041633
0.000000
0.045034
0.000000
0.000000
0.000000
0.000000
0.000000
0.000000
0.000000
0.000000
0.000000
0.000000
0.000000
0.000000
0.045749
0.000000
0.000000
0.000000
0.000000
0.000000
0.077972
0.014713
0.000000
0.000000
0.000000
0.000000
0.000000
0.000000
0.000000
0.000000
0.000000
0.000000
0.014903
0.000000
0.000000
0.029496
0.000000
0.000000
0.000000
0.000000
0.000000
0.023265
0.000000
0.107074
0.000000
0.069154
0.030566
0.000000
0.000000
0.000000
0.000719
0.000000
0.000000
0.066964
0.041765
0.070495
0.000000
0.000000
0.000000
0.000000
0.000000
0.000000
0.000000
0.024608
0.000000
0.000000
0.000000
0.000000
0.000000
0.000000
0.004867
0.000000
0.000000
0.000000
0.000000
0.000000
0.063836
0.000000
0.000000
0.022635
0.221469
0.052731
0.000000
0.000000
0.000000
0.000000
0.000000
0.000000
0.011954
0.129514
0.050550
0.000000
0.000000
0.000000
0.038713
0.000000
0.000000
0.000000
0.039441
0.000000
0.000000
0.034871
0.000000
0.000000
0.000000
0.000000
0.000000
0.010424
0.007035
0.004930
0.024069
0.029658
0.000000
0.000000
0.000000
0.000000
0.000000
0.000000
0.000000
0.000000
0.000000
0.000000
0.000000
0.000000
0.000000
0.000000
0.059677
0.010213
0.090626
0.022148
0.047908
0.032463
0.000000
0.046893
0.000000
0.000000
0.000000
0.000000
0.000000
0.036828
0.035999
0.000000
0.000000
0.000000
0.000000
0.000000
0.000000
0.000000
0.000000
0.031128
0.088184
0.080633
0.000000
0.103429
0.000000
0.000000
0.007304
0.155665
0.035668
0.030822
0.009363
0.000000
0.000000
0.000000
0.116984
0.072318
0.000000
0.000000
0.000000
0.000000
0.000000
0.002018
0.000000
0.000000
0.000000
0.000000
0.000000
0.000000
0.000000
0.000000
0.000000
0.000000
0.000000
0.000000
0.000000
0.000000
0.000000
0.000000
0.000000
0.009530
0.000000
0.000000
0.000000
0.000000
0.000000
0.000000
0.000000
0.008700
0.000000
0.042773
0.133744
0.026580
0.000000
0.096364
0.000000
0.198191
0.023851
0.029631
0.015629
0.044158
0.000000
0.000000
0.000000
0.000000
0.000000
0.034208
0.000000
0.012488
0.081847
0.000000
0.083552
0.016461
0.000000
0.065203
0.239517
0.024960
0.028340
0.000000
0.000000
0.000000
0.000000
0.000000
0.000000
0.000000
0.000000
0.000000
0.000000
0.000000
0.032822
0.004653
0.000000
0.000000
0.000000
0.000000
0.000000
0.000000
0.001009
0.000000
0.000000
0.000000
0.000000
0.000000
0.040310
0.000000
0.000000
0.000000
0.000000
0.000000
0.000000
0.000000
0.000000
0.000000
0.000000
0.000000
0.000000
0.000000
0.000000
0.000000
0.000000
0.035524
0.000000
0.038734
0.041066
0.000000
0.000000
0.000000
0.000000
0.032865
0.000000
0.000000
0.000000
0.065979
0.198916
0.017330
0.130121
0.000000
0.010069
0.086030
0.000000
0.000000
0.021630
0.000000
0.014982
0.000000
0.000000
0.000000
0.000000
0.006095
0.000000
0.000000
0.058470
0.000000
0.000000
0.000000
0.000000
0.078776
0.000000
0.000000
0.024331
0.000000
0.000000
0.050638
0.000000
0.000000
0.000000
0.000000
0.000000
0.000000
0.000000
0.000000
0.000000
0.017999
0.000000
0.000000
0.000000
0.000000
0.000000
0.000000
0.000000
0.007319
0.000000
0.002907
0.026878
0.000000
0.009779
0.000000
0.000000
0.000000
0.000000
0.000000
0.000000
0.000000
0.000000
0.000000
0.013284
0.000000
0.146984
0.000000
0.000000
0.000000
0.000000
0.000000
0.000000
0.000000
0.018957
0.040099
0.031690
0.000000
0.110593
0.000000
0.000000
0.000000
0.000000
0.074411
0.000000
0.000000
0.000000
0.054993
0.171134
0.080598
0.005081
0.023524
0.000000
0.000000
0.002532
0.000000
0.000000
0.000000
0.000000
0.000000
0.000000
0.000000
0.000000
0.000000
0.003284
0.012796
0.076321
0.054521
0.000000
0.054050
0.035705
0.000000
0.000000
0.000000
0.030477
0.061299
0.000000
0.000000
0.000000
0.000000
0.000000
0.000000
0.000000
0.000000
0.044497
0.000000
0.000000
0.000000
0.000000
0.018687
0.000000
0.010674
0.008427
0.011194
0.082424
0.002072
0.183655
0.032922
0.006541
0.025098
0.015350
0.000000
0.000000
0.000000
0.000000
0.000000
0.018227
0.062713
0.000000
0.000000
0.000000
0.000000
0.000000
0.059682
0.000000
0.000000
0.000000
0.000000
0.000000
0.000000
0.000000
0.045738
0.010090
0.000000
0.041869
0.000000
0.000000
0.000000
0.000000
0.000000
0.000000
0.000000
0.000000
0.000000
0.000000
0.000000
0.010542
0.023649
0.000000
0.000000
0.000000
0.000000
0.000000
0.000000
0.005482
0.016439
0.000000
0.158698
0.001476
0.000000
0.000000
0.000000
0.000000
0.000000
0.000000
0.000000
0.047608
0.000000
0.063614
0.000000
0.000000
0.000000
0.000000
0.000000
0.000000
0.000000
0.041980
0.000000
0.000000
0.000000
0.190749
0.053072
0.000000
0.000000
0.000000
0.000000
0.000000
0.068889
0.012421
0.044464
0.040434
0.000000
0.000000
0.000000
0.000000
0.000000
0.027439
0.020978
0.000000
0.000000
0.000000
0.000000
0.000000
0.000000
0.000000
0.000000
0.000000
0.000000
0.000000
0.003737
0.000000
0.000000
0.000000
0.000000
0.000000
0.000000
0.065476
0.000000
0.043475
0.000000
0.000000
0.000000
0.000000
0.000000
0.000000
0.000000
0.011591
0.000000
0.000000
0.000000
0.000000
0.000000
0.000000
0.000000
0.000000
0.000000
0.030111
0.000000
0.000000
0.000000
0.054484
0.000000
0.000000
0.000000
0.016444
0.032969
0.000000
0.000000
0.000000
0.000000
0.000000
0.000000
0.000000
0.000000
0.000000
0.000000
0.000000
0.017553
0.010190
0.029145
0.000000
0.176150
0.117150
0.058456
0.000000
0.000000
0.000000
0.038944
0.000000
0.000000
0.000000
0.071609
0.000000
0.002616
0.030167
0.000000
0.032613
0.038864
0.000000
0.063033
0.000000
0.006926
0.000000
0.000000
0.000000
0.000000
0.000000
0.051195
0.004997
0.000000
0.166126
0.040356
0.052169
0.115956
0.000000
0.000000
0.000000
0.041712
0.045454
0.033713
0.000000
0.000000
0.103702
0.014701
0.053875
0.054628
0.000000
0.000000
0.000000
0.000000
0.000000
0.185888
0.008275
0.000000
0.000000
0.000000
0.000000
0.000000
0.005916
0.017178
0.000000
0.000000
0.000000
0.000000
0.000000
0.000000
0.000000
0.000000
0.019480
0.028740
0.063486
0.023891
0.082350
0.027711
0.000000
0.110232
0.000000
0.000000
0.000000
0.000000
0.000000
0.000000
0.019232
0.000000
0.000000
0.000000
0.000491
0.000000
0.000000
0.012116
0.000000
0.000000
0.000000
0.000000
0.000000
0.000000
0.000000
0.000000
0.000000
0.000000
0.000000
0.040552
0.000000
0.000000
0.000000
0.098635
0.000000
0.046515
0.005415
0.000000
0.000000
0.000000
0.163305
0.023206
0.042348
0.004488
0.023386
0.031631
0.029950
0.000000
0.000000
0.069629
0.000000
0.000000
0.000000
0.000000
0.015574
0.000000
0.018042
0.069313
0.000000
0.000000
0.000000
0.000000
0.000000
0.022434
0.111738
0.005501
0.044364
0.000000
0.000000
0.000000
0.000000
0.000000
0.061635
0.003747
0.002921
0.000000
0.000000
0.043909
0.000000
0.042490
0.000000
0.000000
0.005762
0.190516
0.109238
0.037142
0.008598
0.013052
0.000000
0.000000
0.027502
0.000000
0.000000
0.000000
0.244168
0.073526
0.058447
0.000000
0.000000
0.000000
0.038806
0.000000
0.000000
0.000000
0.000000
0.011929
0.098206
0.000000
0.000000
0.000000
0.000000
0.083118
0.175016
0.037335
0.000000
0.000000
0.000000
0.000000
0.000000
0.000000
0.000000
0.000000
0.020636
0.107086
0.014514
0.000000
0.000000
0.000000
0.000000
0.000000
0.000000
0.024143
0.001052
0.000000
0.106588
0.010233
0.009805
0.025775
0.000000
0.000000
0.000000
0.000000
0.000000
0.000000
0.009807
0.022461
0.000000
0.008314
0.000000
0.000000
0.000000
0.048240
0.072375
0.000938
0.000000
0.000000
0.000000
0.000000
0.000000
0.000000
0.000000
0.000000
0.000000
0.000000
0.000000
0.000000
0.000000
0.000000
0.064587
0.000000
0.000000
0.000000
0.000000
0.000000
0.007005
0.000000
0.000000
0.000000
0.000000
0.000000
0.000000
0.000000
0.000000
0.000000
0.000000
0.009045
0.000000
0.000000
0.152697
0.021025
0.000000
0.000000
0.000000
0.000000
0.000000
0.000000
0.000000
0.000000
0.000000
0.000000
0.000000
0.000000
0.000000
0.000000
0.000000
0.000000
0.000000
0.000000
0.000000
0.080392
0.000000
0.000000
0.079686
0.045317
0.025920
0.000000
0.000000
0.000000
0.036451
0.000000
0.000000
0.000000
0.074846
0.000000
0.018234
0.113497
0.049686
0.000000
0.000000
0.006684
0.000000
0.094408
0.000000
0.007579
0.000000
0.078303
0.000000
0.000000
0.000000
0.000000
0.000000
0.000000
0.000000
0.000000
0.000000
0.000000
0.062521
0.000000
0.008746
0.000000
0.000000
0.000000
0.000000
0.000000
0.000000
0.000000
0.000000
0.000000
0.022255
0.017509
0.000000
0.000000
0.047268
0.031658
0.018652
0.051985
0.000000
0.000000
0.000000
0.000000
0.000000
0.000000
0.000000
0.055126
0.000902
0.005023
0.026598
0.047727
0.188970
0.019868
0.000000
0.000000
0.166178
0.000111
0.000000
0.000000
0.000000
0.122528
0.039029
0.000000
0.000000
0.000000
0.000000
0.000000
0.000000
0.026126
0.000000
0.000470
0.039695
0.011362
0.000000
0.000000
0.000000
0.000000
0.000000
0.000000
0.000000
0.000000
0.000000
0.000000
0.000000
0.000000
0.138819
0.020924
0.047353
0.045204
0.003170
0.000000
0.000000
0.001497
0.000000
0.033763
0.083330
0.029703
0.000000
0.000000
0.000000
0.000000
0.000000
0.000000
0.000000
0.032945
0.000000
0.000000
0.000000
0.000000
0.027356
0.022109
0.000000
0.000000
0.011039
0.000000
0.000000
0.000000
0.000000
0.044573
0.000000
0.006609
0.000000
0.000000
0.000000
0.000000
0.000000
0.000000
0.000000
0.000000
0.000000
0.000000
0.000000
0.101231
0.173558
0.000096
0.000000
0.000000
0.000000
0.000000
0.003975
0.000000
0.110616
0.000000
0.091569
0.014831
0.000000
0.043426
0.000000
0.000000
0.006515
0.000000
0.000000
0.000000
0.000000
0.000000
0.003559
0.000000
0.051277
0.000000
0.000000
0.000000
0.000000
0.000000
0.000000
0.000000
0.000000
0.046342
0.000000
0.000000
0.000000
0.000000
0.000000
0.000000
0.043511
0.014953
0.019335
0.045539
0.000000
0.086408
0.049789
0.024052
0.000000
0.000000
0.000000
0.000000
0.000000
0.000000
0.000000
0.000000
0.000000
0.000000
0.009237
0.062925
0.075133
0.012519
0.000000
0.000000
0.295715
0.000448
0.004053
0.024458
0.048428
0.000000
0.000000
0.000000
0.012279
0.023843
0.018980
0.032861
0.002433
0.000000
0.015728
0.003805
0.000535
0.025911
0.020080
0.000000
0.000000
0.000000
0.000000
0.000000
0.000000
0.000000
0.000000
0.000000
0.271626
0.030987
0.083266
0.061541
0.149608
0.019832
0.026909
0.039954
0.040582
0.000000
0.000000
0.000000
0.000000
0.000000
0.005089
0.000000
0.000000
0.000000
0.000000
0.000000
0.012290
0.000000
0.163315
0.000000
0.000000
0.000000
0.000451
0.005328
0.000000
0.000000
0.000000
0.000000
0.000000
0.002640
0.000000
0.000000
0.000000
0.000000
0.000000
0.000000
0.000000
0.082645
0.043273
0.011051
0.189736
0.000000
0.000000
0.000000
0.008144
0.000000
0.000000
0.000000
0.000000
0.259782
0.100681
0.014307
0.059303
0.131492
0.019009
0.039525
0.028276
0.056068
0.000000
0.000000
0.094653
0.010851
0.000000
0.000000
0.000000
0.025630
0.000000
0.000000
0.012161
0.000000
0.000000
0.000000
0.000000
0.000000
0.000000
0.000000
0.000000
0.000000
0.074350
0.000000
0.000000
0.054321
0.000000
0.040912
0.000000
0.024661
0.000000
0.000000
0.046012
0.112231
0.149765
0.053006
0.023237
0.000000
0.000000
0.000000
0.000000
0.000000
0.031640
0.000000
0.000000
0.000000
0.000000
0.032807
0.170108
0.031731
0.006327
0.033128
0.000000
0.000000
0.000000
0.000000
0.000000
0.000000
0.004297
0.000000
0.000000
0.000000
0.000000
0.000000
0.000000
0.060695
0.000000
0.000000
0.080172
0.012114
0.000000
0.000000
0.000000
0.000000
0.005958
0.000000
0.000000
0.000000
0.000000
0.000000
0.030129
0.007455
0.070864
0.017776
0.187549
0.000000
0.011728
0.070948
0.054904
0.009719
0.000000
0.000000
0.006493
0.000000
0.011660
0.000000
0.000000
0.000000
0.000000
0.039831
0.029802
0.069668
0.000000
0.000000
0.000000
0.000000
0.000000
0.000000
0.000000
0.000000
0.000000
0.000000
0.000000
0.139206
0.077929
0.017367
0.053145
0.000000
0.000000
0.024343
0.000000
0.068379
0.052519
0.000000
0.000000
0.000000
0.000000
0.000000
0.000000
0.000000
0.000000
0.000000
0.000000
0.000000
0.000000
0.000000
0.000000
0.008839
0.000000
0.000000
0.005608
0.000000
0.000000
0.000000
0.000000
0.000000
0.214001
0.076084
0.084236
0.095576
0.076238
0.001248
0.005658
0.027241
0.040746
0.041450
0.022720
0.000000
0.000000
0.000000
0.000000
0.000000
0.000000
0.000000
0.000000
0.000000
0.028993
0.035612
0.000000
0.000000
0.005047
0.049551
0.119668
0.078719
0.043267
0.000000
0.000000
0.000000
0.101587
0.019897
0.000000
0.143937
0.018923
0.000000
0.000000
0.000000
0.000000
0.000000
0.000000
0.000000
0.000000
0.032143
0.050710
0.000000
0.000000
0.045174
0.000000
0.000000
0.000000
0.000000
0.000000
0.000000
0.000000
0.000000
0.000000
0.000000
0.016887
0.000000
0.000000
0.000000
0.000000
0.068880
0.005469
0.000000
0.000000
0.000000
0.000000
0.000000
0.000000
0.130987
0.000000
0.000000
0.000000
0.000000
0.000000
0.000000
0.000000
0.000000
0.000000
0.000000
0.000000
0.000000
0.000000
0.000000
0.000000
0.000000
0.000000
0.000000
0.000000
0.000000
0.000000
0.000000
0.037616
0.005528
0.000000
0.000000
0.000000
0.000000
0.000000
0.000000
0.000000
0.027662
0.000000
0.000000
0.014915
0.040918
0.001617
0.000000
0.000000
0.000000
0.000000
0.000000
0.000000
0.000000
0.000000
0.000610
0.017722
0.000000
0.000000
0.000000
0.000000
0.000000
0.000000
0.000000
0.005201
0.062467
0.000000
0.000000
0.001559
0.000000
0.117597
0.053538
0.080520
0.108521
0.006023
0.061562
0.000000
0.000000
0.112545
0.030891
0.000000
0.000000
0.000000
0.000644
0.000000
0.000000
0.000000
0.013055
0.000000
0.000000
0.000000
0.014751
0.000000
0.058533
0.008436
0.000000
0.141458
0.007436
0.022365
0.000000
0.000000
0.000000
0.000000
0.000000
0.000000
0.000000
0.000000
0.000000
0.023952
0.000000
0.027019
0.067383
0.057545
0.029038
0.033700
0.000000
0.000000
0.119706
0.025207
0.010980
0.048264
0.140944
0.003619
0.000000
0.005687
0.002104
0.000000
0.000000
0.000000
0.000000
0.000000
0.000000
0.039877
0.000000
0.096855
0.000000
0.000000
0.000000
0.000000
0.000000
0.000000
0.017443
0.000000
0.002456
0.067319
0.000376
0.000000
0.000000
0.000000
0.000000
0.000000
0.000000
0.000000
0.143105
0.036981
0.000000
0.011101
0.000000
0.000000
0.000000
0.000000
0.000000
0.000000
0.000000
0.000000
0.000000
0.106256
0.000000
0.105587
0.003496
0.000000
0.000000
0.000000
0.000000
0.044721
0.000000
0.000000
0.000000
0.000000
0.000000
0.000000
0.000000
0.000000
0.000000
0.000000
0.000000
0.000000
0.000000
0.087356
0.000000
0.000000
0.000000
0.041586
0.061001
0.000000
0.000000
0.000000
0.000000
0.013561
0.034577
0.000000
0.052613
0.010516
0.000000
0.000000
0.000000
0.000000
0.000000
0.000000
0.000000
0.000000
0.000000
0.010891
0.166327
0.001160
0.000000
0.000000
0.000000
0.000000
0.000000
0.000000
0.000000
0.021147
0.000000
0.000000
0.000000
0.000000
0.000000
0.000000
0.000000
0.004654
0.000000
0.000000
0.000000
0.000000
0.000000
0.000000
0.000000
0.021519
0.023958
0.000000
0.000000
0.000000
0.000000
0.000000
0.000000
0.013010
0.000000
0.000000
0.012169
0.000000
0.006660
0.051776
0.000000
0.056852
0.021513
0.000000
0.071774
0.061665
0.025045
0.213594
0.023116
0.021285
0.069017
0.000000
0.000000
0.044937
0.008836
0.050487
0.022020
0.026905
0.017183
0.417096
0.023987
0.017019
0.017940
0.011937
0.041154
0.000000
0.056371
0.175504
0.066486
0.057247
0.000000
0.000000
0.000000
0.014557
0.016470
0.026433
0.000000
0.000000
0.008025
0.000000
0.000000
0.000000
0.058341
0.000000
0.000000
0.000000
0.053489
0.049481
0.000000
0.033676
0.000000
0.000000
0.042567
0.000000
0.000000
0.000000
0.012068
0.000000
0.000000
0.000000
0.000000
0.000000
0.000000
0.217424
0.085889
0.002017
0.000000
0.071122
0.000000
0.000000
0.000000
0.000000
0.000000
0.000000
0.000000
0.000000
0.000000
0.173288
0.162683
0.002536
0.000000
0.000000
0.065084
0.000000
0.000000
0.015181
0.024998
0.000195
0.000000
0.000000
0.083612
0.007766
0.040326
0.000000
0.000000
0.000000
0.000000
0.000000
0.013652
0.000000
0.008489
0.000000
0.030532
0.148247
0.043098
0.133030
0.024025
0.125250
0.000000
0.000000
0.000000
0.000000
0.000000
0.000000
0.000000
0.000000
0.000000
0.000000
0.000000
0.000000
0.000000
0.000000
0.000000
0.029462
0.046597
0.000000
0.000000
0.000000
0.000000
0.116512
0.099712
0.000000
0.000000
0.137922
0.027373
0.000000
0.000000
0.000000
0.022075
0.064977
0.000000
0.022632
0.000000
0.050866
0.000000
0.000000
0.000000
0.000000
0.000000
0.000000
0.063229
0.033873
0.000000
0.038175
0.000000
0.000000
0.000000
0.016290
0.000000
0.000000
0.000000
0.000000
0.000000
0.018072
0.011770
0.000000
0.000000
0.000000
0.005622
0.000000
0.000000
0.000000
0.000000
0.000000
0.000000
0.000000
0.000000
0.000000
0.000000
0.000000
0.000000
0.106728
0.000000
0.000000
0.000000
0.000000
0.000000
0.000000
0.014941
0.032399
0.038458
0.000000
0.066493
0.000000
0.000000
0.000000
0.000000
0.000000
0.102637
0.168696
0.149695
0.000389
0.034387
0.122700
0.000437
0.000000
0.000000
0.087015
0.000000
0.000000
0.010322
0.033053
0.000000
0.000000
0.123080
0.045677
0.022400
0.074908
0.026289
0.000000
0.000000
0.000000
0.000000
0.243387
0.153339
0.077983
0.000000
0.000000
0.000000
0.000000
0.000000
0.026413
0.000000
0.000000
0.000000
0.030783
0.017416
0.049350
0.000000
0.000000
0.000000
0.000000
0.000000
0.000000
0.000000
0.000000
0.007222
0.000000
0.000000
0.009436
0.002902
0.000000
0.013453
0.017857
0.056774
0.000000
0.000000
0.000000
0.000000
0.128498
0.072503
0.016529
0.000000
0.000000
0.000000
0.000000
0.024111
0.000000
0.000000
0.025589
0.000000
0.000000
0.000000
0.004521
0.000000
0.008574
0.002147
0.000000
