0.038584
0.061050
0.024756
0.297574
0.297279
0.265763
0.338723
0.313405
0.316956
0.112363
0.149735
0.255721
0.427852
0.384191
0.027826
0.128319
0.059855
0.105568
0.242413
0.164363
0.019742
0.000136
0.035363
0.001285
0.070160
0.049949
0.044205
0.052507
0.048176
0.098208
0.044858
0.084665
0.041746
0.011369
0.012150
0.088176
0.083055
0.063941
0.003188
0.104365
0.091907
0.124802
0.094527
0.110466
0.080690
0.300188
0.321705
0.360110
0.414867
0.393738
0.410145
0.034943
0.001181
0.047650
0.032358
0.016159
0.057917
0.008399
0.070083
0.027355
0.000169
0.091222
0.072131
0.031061
0.071330
0.020615
0.037761
0.002776
0.240342
0.066013
0.123557
0.109584
0.007616
0.016172
0.024434
0.089267
0.007970
0.045407
0.149547
0.019876
0.016117
0.042107
0.014810
0.056513
0.052512
0.028836
0.012617
0.047294
0.029543
0.082432
0.112979
0.145755
0.109614
0.085137
0.121439
0.005871
0.030623
0.069489
0.052009
0.029776
0.081551
0.036647
0.027479
0.002302
0.031247
0.010686
0.006262
0.014800
0.032481
0.016816
0.003321
0.020736
0.030671
0.059501
0.002470
0.001376
0.065288
0.061327
0.012317
0.007576
0.105392
0.000280
0.006792
0.062212
0.041198
0.022360
0.000644
0.089065
0.026662
0.127860
0.060267
0.021463
0.078115
0.045939
0.018814
0.036996
0.066274
0.068038
0.035307
0.028498
0.056337
0.065350
0.017337
0.010764
0.037226
0.023650
0.063175
0.010467
0.024232
0.039298
0.082806
0.156060
0.116921
0.100774
0.006439
0.055821
0.030020
0.053277
0.102043
0.019386
0.005137
0.059094
0.016494
0.029547
0.008026
0.103609
0.069399
0.044804
0.035450
0.095479
0.092756
0.068483
0.074802
0.063483
0.031010
0.114844
0.085444
0.076231
0.105205
0.001831
0.009232
0.065664
0.031708
0.064112
0.024084
0.078103
0.042007
0.059555
0.031133
0.023670
0.032449
0.033198
0.004822
0.028803
0.080448
0.097744
0.005072
0.093914
0.046049
0.008357
0.131714
0.075420
0.069387
0.093388
0.091213
0.066124
0.195520
0.124323
0.103820
0.085353
0.094379
0.127506
0.117983
0.188758
0.177004
0.143306
0.046976
0.050642
0.000058
0.016126
0.051584
0.023938
0.033705
0.036517
0.020609
0.035858
0.033325
0.013400
0.007999
0.073724
0.017558
0.090650
0.083729
0.062613
0.087792
0.021678
0.064515
0.045656
0.003577
0.001302
0.038053
0.168541
0.001119
0.201732
0.185239
0.246879
0.068511
0.014550
0.029593
0.061272
0.100484
0.115108
0.021249
0.018825
0.071204
0.037985
0.048877
0.002925
0.064914
0.095072
0.041149
0.061803
0.046937
0.006875
0.019921
0.008638
0.259874
0.249687
0.282821
0.165040
0.204764
0.170372
0.096759
0.002935
0.082417
0.020231
0.065092
0.023328
0.057811
0.070610
0.023134
0.026800
0.008468
0.011188
0.080681
0.000031
0.079533
0.073845
0.031185
0.091430
0.072358
0.046377
0.109813
0.069597
0.047609
0.005285
0.025882
0.036882
0.034050
0.015567
0.008729
0.040292
0.005341
0.017026
0.088405
0.067127
0.082425
0.028843
0.022398
0.012511
0.004091
0.032605
0.009152
0.058917
0.052181
0.053510
0.004542
0.070985
0.039005
0.027748
0.057083
0.053598
0.023913
0.001061
0.061000
0.002019
0.112462
0.000549
0.000749
0.234658
0.229511
0.261392
0.313103
0.295399
0.375663
0.379388
0.343646
0.334917
0.311600
0.104255
0.091943
0.095812
0.104865
0.095963
0.095963
0.089727
0.069623
0.111419
0.014993
0.037093
0.083296
0.008239
0.047421
0.018453
0.020614
0.014360
0.030541
0.034236
0.098569
0.060623
0.031612
0.033547
0.062808
0.111537
0.032375
0.076762
0.044499
0.014950
0.014163
0.008366
0.060922
0.091386
0.019867
0.049198
0.033499
0.017418
0.023133
0.042787
0.006199
0.037155
0.005084
0.098588
0.011197
0.001060
0.032095
0.031677
0.053612
0.003350
0.031649
0.013112
0.008904
0.116481
0.040342
0.172362
0.094622
0.001274
0.035388
0.084951
0.020590
0.055595
0.223045
0.117808
0.024468
0.057500
0.002321
0.006500
0.019514
0.092158
0.007652
0.016167
0.023940
0.079584
0.021867
0.158182
0.040839
0.065348
0.038761
0.040197
0.007520
0.100463
0.086412
0.178111
0.044078
0.166020
0.165138
0.143122
0.065837
0.117016
0.043232
0.102994
0.070656
0.045876
0.034236
0.027651
0.014832
0.059789
0.025898
0.020967
0.014288
0.008773
0.065195
0.041539
0.067460
0.095699
0.023054
0.058718
0.002137
0.045611
0.012021
0.113622
0.107450
0.056562
0.048091
0.158525
0.062270
0.099628
0.038635
0.071182
0.070712
0.061699
0.029099
0.026014
0.040098
0.025180
0.006252
0.030740
0.064606
0.044959
0.031797
0.066621
0.022410
0.039034
0.000019
0.006685
0.068799
0.022171
0.027434
0.018574
0.003155
0.000992
0.112863
0.011385
0.008930
0.007891
0.027198
0.008963
0.018129
0.011445
0.033705
0.005323
0.010693
0.014139
0.068312
0.014574
0.083732
0.011837
0.035544
0.001110
0.021807
0.011696
0.003641
0.039279
0.050096
0.114966
0.061022
0.091023
0.040668
0.028299
0.003454
0.003514
0.001200
0.012964
0.005918
0.047613
0.057003
0.040371
0.011293
0.012880
0.039154
0.012053
0.025385
0.030896
0.010076
0.146580
0.131155
0.060990
0.110770
0.000148
0.415803
0.354301
0.511873
0.442155
0.225002
0.019119
0.049731
0.114828
0.053711
0.072034
0.038866
0.046867
0.033837
0.094482
0.021035
0.070736
0.030015
0.019390
0.039726
0.024118
0.211949
0.210709
0.257601
0.068330
0.008090
0.009111
0.068394
0.021190
0.033262
0.006621
0.023220
0.005980
0.020247
0.204544
0.116580
0.041930
0.016449
0.042542
0.122979
0.005247
0.070026
0.008864
0.033341
0.000873
0.064362
0.043512
0.047365
0.199205
0.174083
0.028806
0.012544
0.024715
0.021004
0.039708
0.011230
0.016052
0.090754
0.040096
0.010686
0.070382
0.007079
0.050635
0.050032
0.047932
0.058332
0.041258
0.009540
0.212245
0.109216
0.013277
0.013919
0.022242
0.171316
0.156828
0.065960
0.048270
0.025832
0.063953
0.027964
0.021373
0.013177
0.015016
0.031890
0.016206
0.023696
0.075279
0.084048
0.070190
0.005755
0.034947
0.023152
0.061399
0.027261
0.254938
0.180289
0.222230
0.253349
0.177060
0.007157
0.175577
0.048453
0.241576
0.088743
0.016035
0.020949
0.043904
0.027759
0.017574
0.144041
0.279352
0.237096
0.152137
0.273615
0.226440
0.139301
0.186418
0.034794
0.050595
0.116980
0.086862
0.022846
0.122533
0.046523
0.100460
0.009582
0.042362
0.034983
0.007949
0.029662
0.022463
0.007785
0.046832
0.021592
0.049932
0.050192
0.006201
0.310737
0.286258
0.249116
0.041613
0.086582
0.031129
0.167826
0.026987
0.029643
0.132705
0.040203
0.148042
0.128615
0.098545
0.008249
0.000316
0.055273
0.157326
0.152556
0.171966
0.181782
0.176397
0.000042
0.055841
0.001444
0.006199
0.029299
0.022606
0.056476
0.040960
0.003688
0.040028
0.035677
0.163422
0.021858
0.039003
0.003227
0.034705
0.029017
0.007395
0.099143
0.137879
0.124032
0.148700
0.091711
0.006647
0.019364
0.082072
0.073567
0.216857
0.090212
0.028806
0.008696
0.000830
0.054247
0.025746
0.218359
0.035147
0.011417
0.019047
0.047039
0.082263
0.021933
0.100972
0.000388
0.013782
0.023578
0.004585
0.007652
0.003247
0.005277
0.001786
0.018485
0.038662
0.029831
0.094749
0.002779
0.056554
0.043050
0.025386
0.030428
0.070727
0.029142
0.090850
0.002550
0.071555
0.057701
0.098565
0.005290
0.096843
0.086470
0.027175
0.001783
0.001642
0.105430
0.099015
0.100581
0.276942
0.065887
0.011058
0.026866
0.061628
0.035622
0.057163
0.034791
0.007064
0.069334
0.046753
0.112101
0.112973
0.049267
0.125170
0.050213
0.207997
0.174962
0.021179
0.072318
0.032670
0.293954
0.054778
0.042020
0.006597
0.042190
0.023296
0.011770
0.071808
0.034023
0.045105
0.072216
0.099751
0.043758
0.048007
0.014213
0.006715
0.066189
0.062438
0.001536
0.063428
0.003120
0.112266
0.079538
0.103590
0.099301
0.019092
0.007485
0.076993
0.094158
0.068610
0.031855
0.056007
0.049398
0.068895
0.045788
0.052394
0.157674
0.138754
0.095035
0.009265
0.033120
0.024229
0.144811
0.098941
0.103697
0.062247
0.020730
0.049446
0.062510
0.016351
0.021767
0.030378
0.040522
0.013335
0.010254
0.000808
0.001227
0.001072
0.005727
0.030662
0.074919
0.038109
0.008083
0.031653
0.120633
0.013804
0.014630
0.021606
0.010940
0.072780
0.096862
0.045988
0.108165
0.049579
0.082663
0.002762
0.100080
0.032333
0.003806
0.008359
0.015328
0.011067
0.084382
0.083962
0.016733
0.074989
0.005331
0.047772
0.076165
0.043523
0.108174
0.101682
0.148257
0.150845
0.050390
0.047922
0.042844
0.117433
0.014208
0.021049
0.090206
0.126240
0.000057
0.065008
0.021910
0.043522
0.017417
0.038152
0.040514
0.037520
0.009290
0.015529
0.003937
0.002650
0.049461
0.018141
0.009471
0.017598
0.012884
0.058992
0.005918
0.028605
0.047000
0.066461
0.020023
0.099794
0.192497
0.184410
0.180478
0.104537
0.016498
0.036632
0.017711
0.122725
0.014128
0.080310
0.013743
0.016477
0.036863
0.025877
0.032828
0.005830
0.022134
0.008453
0.062602
0.036259
0.010141
0.095468
0.054498
0.010730
0.203384
0.008662
0.005740
0.012368
0.001411
0.003099
0.018703
0.020130
0.009921
0.006814
0.163940
0.116043
0.135006
0.133742
0.029716
0.031641
0.007739
0.047803
0.072043
0.024927
0.033277
0.013325
0.036495
0.004775
0.013863
0.007060
0.056389
0.000954
0.038588
0.002921
0.034677
0.033722
0.029129
0.013346
0.028256
0.032875
0.000289
0.059854
0.007290
0.038040
0.184889
0.002934
0.041609
0.104596
0.095975
0.008856
0.025294
0.127095
0.111210
0.006360
0.023646
0.011584
0.002963
0.033095
0.024459
0.005765
0.018008
0.007438
0.005684
0.025600
0.028734
0.001550
0.008975
0.091120
0.019734
0.071983
0.047796
0.087528
0.079236
0.096085
0.054967
0.022072
0.007493
0.048785
0.029702
0.018357
0.031870
0.003223
0.007106
0.000758
0.011558
0.007548
0.204441
0.025134
0.026955
0.173211
0.142241
0.093903
0.111771
0.066270
0.022970
0.045981
0.017329
0.021192
0.028697
0.035768
0.007288
0.012102
0.003582
0.032706
0.020816
0.022492
0.002530
0.013370
0.165981
0.117416
0.142299
0.044221
0.016704
0.000610
0.036361
0.237617
0.200908
0.182206
0.228728
0.009855
0.104949
0.012243
0.026074
0.001555
0.011279
0.005817
0.031518
0.084932
0.059213
0.083185
0.048006
0.026197
0.111535
0.057749
0.003990
0.017529
0.004392
0.092590
0.015549
0.012527
0.047879
0.060618
0.055349
0.059224
0.010791
0.007922
0.016921
0.026205
0.099580
0.035665
0.014867
0.007485
0.013787
0.010822
0.336201
0.333733
0.331263
0.265178
0.021206
0.101708
0.005511
0.081301
0.106215
0.022511
0.025157
0.111565
0.075733
0.069459
0.019874
0.011880
0.019061
0.012493
0.093891
0.001177
0.083833
0.003182
0.028936
0.000086
0.002874
0.019258
0.003018
0.047624
0.148315
0.107915
0.104306
0.085318
0.006931
0.006030
0.036365
0.004070
0.085172
0.059765
0.031802
0.020794
0.016183
0.045417
0.014483
0.010089
0.015418
0.147479
0.142699
0.014867
0.099863
0.102367
0.029611
0.001392
0.001866
0.049927
0.018821
0.003889
0.018578
0.010447
0.020644
0.020220
0.151205
0.115556
0.167321
0.145251
0.263469
0.211213
0.236122
0.101569
0.042771
0.111681
0.010114
0.003255
0.065468
0.083776
0.078104
0.037221
0.024700
0.047598
0.009661
0.037545
0.037358
0.073392
0.020344
0.019629
0.031580
0.004960
0.021717
0.002690
0.026622
0.005350
0.111962
0.021799
0.023223
0.089792
0.011953
0.073420
0.060960
0.017823
0.030650
0.002621
0.010040
0.049976
0.001725
0.013606
0.012424
0.005304
0.013503
0.001915
0.024676
0.005401
0.000997
0.010964
0.000186
0.014392
0.031490
0.040233
0.005872
0.058572
0.022139
0.001569
0.046149
0.073564
0.012201
0.022776
0.014149
0.003017
0.113757
0.061924
0.027387
0.064552
0.053158
0.037332
0.004141
0.067855
0.067380
0.070835
0.107577
0.052146
0.013023
0.072991
0.033482
0.024741
0.071859
0.003178
0.035456
0.033983
0.024550
0.109916
0.056403
0.096318
0.094517
0.082528
0.175581
0.214085
0.019153
0.006401
0.097246
0.029324
0.052469
0.042318
0.016431
0.033417
0.000716
0.001850
0.043733
0.037633
0.075598
0.007388
0.082641
0.031512
0.026507
0.138266
0.065244
0.098102
0.058463
0.022172
0.002316
0.018157
0.036006
0.018828
0.026845
0.028981
0.115323
0.029288
0.040644
0.021438
0.004402
0.022907
0.029600
0.023322
0.012144
0.139751
0.105269
0.061088
0.337751
0.295147
0.307540
0.395387
0.301635
0.444030
0.469929
0.198558
0.162320
0.113096
0.015134
0.025534
0.002513
0.059352
0.055143
0.109480
0.088137
0.023787
0.030658
0.066711
0.048091
0.007394
0.009559
0.082235
0.005310
0.024733
0.099197
0.004381
0.012086
0.019492
0.000227
0.006490
0.058486
0.002132
0.002280
0.111176
0.088574
0.091561
0.040172
0.000877
0.060654
0.025274
0.133510
0.011262
0.089553
0.030700
0.046594
0.032179
0.159549
0.119160
0.032117
0.029333
0.029215
0.044962
0.042918
0.006323
0.037478
0.005015
0.087369
0.005029
0.007669
0.005142
0.055753
0.005541
0.043435
0.038700
0.006904
0.011254
0.007114
0.200380
0.108790
0.021353
0.082901
0.065229
0.004547
0.165027
0.282684
0.281845
0.189087
0.271153
0.263185
0.282696
0.175409
0.264691
0.068461
0.000725
0.023510
0.006459
0.021617
0.000776
0.135411
0.030937
0.022957
0.002916
0.001333
0.052207
0.052663
0.003906
0.044595
0.099874
0.103916
0.031768
0.147613
0.144671
0.173099
0.004631
0.072161
0.077283
0.093694
0.297544
0.133673
0.001593
0.001310
0.009543
0.082971
0.017457
0.032740
0.009257
0.003000
0.016150
0.013785
0.018363
0.053484
0.009616
0.007413
0.014533
0.015956
0.009556
0.070557
0.012051
0.032679
0.151200
0.046219
0.075102
0.037841
0.045159
0.010320
0.070980
0.070613
0.025565
0.041709
0.078510
0.065978
0.044699
0.002791
0.089559
0.035754
0.008780
0.080011
0.065537
0.220394
0.055466
0.007153
0.070028
0.021008
0.016179
0.042335
0.139899
0.034048
0.035831
0.049014
0.007795
0.013923
0.008661
0.072802
0.020158
0.006179
0.009362
0.191365
0.097246
0.010635
0.008484
0.011912
0.101020
0.017580
0.178839
0.068910
0.001550
0.146231
0.115816
0.108802
0.033463
0.024508
0.040498
0.033054
0.071597
0.023016
0.028183
0.054444
0.005407
0.051686
0.143606
0.098904
0.079223
0.019300
0.082662
0.075695
0.070321
0.035554
0.011416
0.051750
0.001599
0.024373
0.001610
0.063252
0.001084
0.055243
0.085583
0.114094
0.084289
0.256451
0.237868
0.332296
0.018746
0.026428
0.013922
0.042354
0.026572
0.022709
0.131778
0.120513
0.021761
0.040554
0.008588
0.146170
0.014865
0.001359
0.093624
0.090482
0.025659
0.106797
0.084285
0.066898
0.056369
0.108044
0.277635
0.287911
0.161043
0.048682
0.009945
0.055752
0.026324
0.013281
0.071049
0.109258
0.094890
0.125533
0.074932
0.009239
0.012078
0.073310
0.046713
0.009920
0.129895
0.096749
0.193041
0.083123
0.037061
0.040282
0.092701
0.020379
0.114663
0.053939
0.101383
0.092136
0.092508
0.167520
0.127256
0.026675
0.106816
0.044469
0.016038
0.024558
0.017103
0.001113
0.031674
0.039999
0.393660
0.386560
0.170825
0.142840
0.049975
0.015923
0.013547
0.174492
0.122158
0.022317
0.001624
0.151326
0.027358
0.167378
0.076405
0.295507
0.059818
0.007719
0.055894
0.069453
0.029607
0.019698
0.144427
0.053316
0.101741
0.077624
0.070293
0.032975
0.055343
0.052462
0.034441
0.056748
0.025129
0.015268
0.001190
0.074113
0.065494
0.068646
0.036080
0.090559
0.005505
0.017141
0.081241
0.011545
0.000484
0.011291
0.006743
0.138821
0.126045
0.035248
0.047981
0.008061
0.020828
0.060890
0.008626
0.047561
0.014799
0.000686
0.074793
0.053249
0.012095
0.033833
0.004422
0.055829
0.038689
0.016413
0.056824
0.040582
0.011993
0.020743
0.001205
0.004535
0.018262
0.002856
0.043299
0.187597
0.051766
0.004199
0.056876
0.038515
0.250500
0.053362
0.094271
0.016107
0.130229
0.217910
0.169847
0.115144
0.051963
0.045073
0.068841
0.007512
0.005736
0.025117
0.015327
0.033554
0.018571
0.043268
0.057339
0.106910
0.035971
0.007452
0.030976
0.001502
0.001081
0.098999
0.087765
0.148933
0.110660
0.076870
0.064953
0.069052
0.029612
0.130161
0.177326
0.093217
0.046632
0.152600
0.017440
0.016395
0.001375
0.052023
0.050549
0.011888
0.258263
0.241333
0.251329
0.188991
0.116434
0.033706
0.006408
0.003962
0.240019
0.091317
0.005716
0.005112
0.047192
0.078158
0.014073
0.022098
0.005471
0.000678
0.168970
0.160330
0.128044
0.164129
0.221429
0.157925
0.079668
0.036844
0.037216
0.123283
0.042382
0.058596
0.033614
0.309795
0.344506
0.322099
0.443905
0.573762
0.788290
0.735931
0.668161
0.718115
0.678545
0.332511
0.323637
0.285208
0.131231
0.126787
0.201945
0.014363
0.032307
0.092175
0.074366
0.064616
0.115472
0.104288
0.008948
0.000469
0.063450
0.013025
0.118207
0.023251
0.004033
0.006286
0.000572
0.000251
0.131262
0.036744
0.074451
0.164222
0.081880
0.009345
0.001511
0.061472
0.054113
0.002273
0.018577
0.030985
0.029148
0.206633
0.181851
0.028065
0.017890
0.139742
0.048614
0.005681
0.018446
0.107900
0.037752
0.012427
0.039957
0.019370
0.183460
0.088137
0.222902
0.304234
0.205552
0.006140
0.020282
0.017854
0.052884
0.056951
0.065108
0.180846
0.016866
0.160559
0.107455
0.098438
0.003708
0.023440
0.020547
0.014050
0.002568
0.005027
0.006583
0.003436
0.084928
0.004100
0.207422
0.095243
0.019445
0.008898
0.004081
0.000156
0.018791
0.095394
0.075162
0.043938
0.093860
0.025095
0.068296
0.124792
0.058197
0.040193
0.005190
0.048366
0.032817
0.080660
0.239502
0.204031
0.202816
0.105266
0.078376
0.180322
0.001604
0.037688
0.030213
0.085307
0.135283
0.012952
0.059268
0.022898
0.001117
0.023519
0.025366
0.040971
0.074545
0.072215
0.100383
0.024262
0.008403
0.000461
0.054349
0.112198
0.046843
0.057618
0.031732
0.094222
0.036617
0.005260
0.000012
0.005418
0.047592
0.071259
0.001600
0.021785
0.090293
0.086500
0.069184
0.027802
0.007720
0.000995
0.088771
0.004762
0.022428
0.019221
0.011542
0.008064
0.090609
0.064085
0.010967
0.009305
0.004620
0.000062
0.011986
0.015585
0.058301
0.015667
0.006687
0.015734
0.033989
0.037727
0.067198
0.055008
0.021569
0.005141
0.002983
0.063123
0.026187
0.246490
0.128621
0.077856
0.008081
0.078535
0.026337
0.014206
0.016588
0.067876
0.011323
0.118056
0.020756
0.014883
0.060846
0.002460
0.153200
0.105196
0.000286
0.017268
0.004616
0.145909
0.140504
0.118997
0.119031
0.101767
0.020288
0.025085
0.013405
0.115826
0.065557
0.023382
0.002482
0.097026
0.060597
0.035358
0.006866
0.071199
0.003770
0.046133
0.163045
0.158741
0.157890
0.056609
0.039272
0.066509
0.090317
0.100064
0.057051
0.056528
0.091726
0.004967
0.000232
0.009717
0.000915
0.036611
0.151541
0.002024
0.054255
0.042654
0.078893
0.017173
0.016782
0.004964
0.000051
0.008455
0.128983
0.053455
0.040215
0.016499
0.004531
0.028085
0.080163
0.129349
0.129024
0.090177
0.055562
0.006973
0.082893
0.057775
0.087302
0.077395
0.017408
0.056715
0.027216
0.028854
0.084472
0.145973
0.074439
0.035942
0.001812
0.045734
0.016136
0.015105
0.004276
0.007846
0.007173
0.034146
0.072685
0.068614
0.067909
0.225120
0.254909
0.203410
0.231266
0.172680
0.118620
0.224911
0.084326
0.012725
0.065418
0.022012
0.042089
0.011740
0.007200
0.127108
0.019339
0.050100
0.047890
0.101161
0.156269
0.128815
0.036526
0.008495
0.061292
0.059572
0.065727
0.014630
0.140236
0.117339
0.127558
0.161773
0.230632
0.268293
0.119223
0.019006
0.055295
0.009229
0.227716
0.086455
0.047689
0.119444
0.124538
0.098697
0.063067
0.005356
0.047284
0.042943
0.025026
0.080331
0.049970
0.036634
0.178298
0.144660
0.072966
0.055156
0.075879
0.017728
0.031627
0.006729
0.003698
0.004534
0.058595
0.022400
0.154611
0.136965
0.016074
0.021545
0.049192
0.046579
0.000064
0.040265
0.018323
0.099569
0.064240
0.034320
0.102026
0.152197
0.123132
0.067232
0.011605
0.080410
0.136195
0.053642
0.002129
0.042604
0.003393
0.013224
0.005905
0.065743
0.008386
0.021003
0.055186
0.032422
0.037118
0.090124
