0.000000
0.000000
0.000000
0.000000
0.000835
0.000000
0.000000
0.000000
0.000000
0.000000
0.000000
0.000000
0.000599
0.000000
0.015298
0.000000
0.030601
0.000000
0.003851
0.000000
0.018689
0.000000
0.000000
0.000000
0.000000
0.011871
0.000000
0.004085
0.000000
0.000000
0.000000
0.000000
0.000000
0.022101
0.004332
0.004336
0.000000
0.000000
0.000000
0.000000
0.000000
0.000000
0.000000
0.009520
0.000000
0.020880
0.007625
0.000000
0.000000
0.000000
0.022880
0.013414
0.000000
0.000000
0.000000
0.000000
0.000000
0.000000
0.000000
0.000000
0.003308
0.000000
0.027465
0.024663
0.000000
0.000000
0.000000
0.014785
0.004405
0.000000
0.010400
0.000000
0.001466
0.000000
0.003435
0.000000
0.000000
0.027363
0.000000
0.000000
0.000000
0.001769
0.000000
0.011920
0.000000
0.005817
0.000000
0.030302
0.010785
0.000000
0.000000
0.035728
0.000000
0.000000
0.000000
0.000000
0.000000
0.000000
0.000000
0.000000
0.000345
0.000000
0.012926
0.009516
0.000000
0.000000
0.000000
0.007038
0.000000
0.000781
0.000000
0.003083
0.000000
0.000396
0.000000
0.024229
0.033396
0.000000
0.000000
0.000000
0.000000
0.000000
0.000716
0.000000
0.025419
0.000000
0.001798
0.025468
0.000000
0.003531
0.005722
0.056540
0.012393
0.025647
0.010498
0.000000
0.000000
0.011372
0.000604
0.000000
0.000194
0.000000
0.007564
0.005111
0.000000
0.009858
0.032184
0.012539
0.008298
0.002971
0.029135
0.008994
0.000000
0.001329
0.000360
0.000000
0.000000
0.010026
0.000000
0.013985
0.001089
0.000000
0.000000
0.006101
0.000000
0.004120
0.000000
0.018546
0.002613
0.002375
0.000000
0.008314
0.000000
0.016369
0.016225
0.019573
0.000000
0.000000
0.019835
0.000000
0.000000
0.003569
0.000000
0.025327
0.010082
0.000000
0.000865
0.021928
0.000000
0.015845
0.000896
0.037142
0.000000
0.000000
0.000000
0.060950
0.001096
0.000000
0.000000
0.000000
0.000000
0.003027
0.000000
0.003808
0.000000
0.004586
0.000000
0.003727
0.000183
0.000000
0.007966
0.032213
0.004506
0.000000
0.004041
0.000000
0.007574
0.000000
0.020548
0.000000
0.015679
0.004914
0.009117
0.000000
0.000000
0.000000
0.000000
0.000000
0.000000
0.010480
0.031306
0.006413
0.001933
0.000000
0.002758
0.000000
0.039808
0.001895
0.003052
0.000000
0.000000
0.000000
0.000000
0.000833
0.007400
0.000000
0.000000
0.000000
0.000000
0.000000
0.017781
0.004486
0.000000
0.000000
0.000000
0.000000
0.008352
0.000000
0.002415
0.000000
0.014456
0.000000
0.001420
0.000000
0.000000
0.000000
0.000000
0.030535
0.006921
0.005069
0.002384
0.000000
0.014475
0.000000
0.004083
0.065458
0.007703
0.020630
0.015385
0.046295
0.008191
0.001399
0.004619
0.000000
0.000000
0.000000
0.003227
0.000000
0.007601
0.000000
0.000000
0.000000
0.000000
0.000000
0.000000
0.000000
0.000000
0.000000
0.000000
0.000000
0.000000
0.000000
0.000000
0.022085
0.000000
0.004310
0.000000
0.001187
0.000000
0.000000
0.000000
0.019430
0.000000
0.000000
0.015811
0.010740
0.000000
0.020640
0.024041
0.000000
0.000000
0.000000
0.000000
0.000000
0.000000
0.000000
0.000000
0.000000
0.000000
0.000000
0.000000
0.000000
0.000000
0.005030
0.000000
0.000000
0.000000
0.000000
0.000000
0.005445
0.000000
0.000000
0.029953
0.001342
0.007033
0.013692
0.000000
0.016618
0.000000
0.000000
0.000377
0.000000
0.000000
0.000000
0.000000
0.000000
0.000000
0.000000
0.000000
0.000000
0.000000
0.000000
0.000000
0.000000
0.000000
0.000000
0.000000
0.000000
0.000000
0.004351
0.000000
0.006559
0.005752
0.000000
0.000000
0.012055
0.009083
0.000000
0.000000
0.000000
0.014824
0.008158
0.012267
0.000000
0.068064
0.000517
0.004137
0.000000
0.006839
0.000000
0.017980
0.003482
0.000000
0.000000
0.000000
0.000000
0.007790
0.000000
0.000000
0.000000
0.000000
0.000000
0.000217
0.000000
0.000000
0.000000
0.000000
0.000000
0.000000
0.000000
0.000000
0.003712
0.001093
0.000000
0.000000
0.000000
0.000000
0.000000
0.000000
0.000000
0.000000
0.000000
0.000000
0.000000
0.045092
0.000000
0.007732
0.000000
0.008662
0.000000
0.000000
0.000000
0.000000
0.000000
0.008629
0.000000
0.000000
0.000000
0.000000
0.000000
0.023556
0.003355
0.000000
0.000000
0.000000
0.000000
0.033316
0.012300
0.000000
0.013648
0.009606
0.000000
0.011543
0.008002
0.000000
0.000000
0.000000
0.000000
0.000000
0.002950
0.000000
0.000000
0.000000
0.000000
0.014674
0.012757
0.012100
0.041716
0.002873
0.010029
0.000000
0.000000
0.014768
0.000000
0.000227
0.000000
0.000000
0.000000
0.000000
0.000000
0.001721
0.026573
0.000000
0.022386
0.024602
0.013600
0.003366
0.007439
0.010436
0.005580
0.000000
0.000000
0.000000
0.000000
0.000000
0.000000
0.000000
0.000000
0.000000
0.000000
0.026984
0.017699
0.010936
0.000000
0.000000
0.037310
0.000701
0.019058
0.000000
0.000000
0.003275
0.000000
0.016118
0.002017
0.000000
0.000000
0.000000
0.000000
0.000000
0.000000
0.000000
0.000000
0.000000
0.000000
0.000000
0.000000
0.000000
0.007410
0.000000
0.001055
0.000000
0.003316
0.039129
0.000000
0.000000
0.013332
0.000000
0.031181
0.000000
0.000000
0.000000
0.017650
0.011477
0.019953
0.000000
0.001147
0.001747
0.000000
0.019262
0.018681
0.010887
0.000000
0.021094
0.000000
0.010601
0.000000
0.000000
0.000000
0.013065
0.000000
0.005215
0.004138
0.000000
0.000000
0.000000
0.000000
0.000000
0.000000
0.000000
0.025218
0.035178
0.000000
0.010342
0.023057
0.000000
0.005209
0.002297
0.035118
0.000000
0.004645
0.000000
0.007828
0.006483
0.000000
0.000000
0.011804
0.009119
0.011699
0.000000
0.007360
0.000000
0.018953
0.008774
0.000026
0.008013
0.000000
0.013643
0.011468
0.012235
0.005221
0.007038
0.000000
0.000000
0.000000
0.007866
0.000000
0.006023
0.000000
0.000671
0.000000
0.000000
0.000000
0.000000
0.000000
0.000000
0.000000
0.000000
0.000000
0.000000
0.000000
0.001433
0.001393
0.000000
0.078793
0.000876
0.000000
0.032489
0.017431
0.002501
0.000000
0.004204
0.022697
0.007545
0.000000
0.000000
0.000000
0.014694
0.000000
0.013445
0.000000
0.024716
0.008219
0.000000
0.008320
0.000000
0.000000
0.000000
0.000000
0.000000
0.037027
0.002215
0.000000
0.002440
0.001394
0.000471
0.000000
0.000000
0.000000
0.006286
0.003348
0.000000
0.000000
0.000000
0.085342
0.000000
0.023637
0.005108
0.005797
0.002905
0.000000
0.010294
0.003191
0.000000
0.000000
0.050611
0.023431
0.003371
0.020070
0.013777
0.021031
0.025877
0.000000
0.012508
0.009950
0.000000
0.000000
0.000000
0.013123
0.005261
0.002961
0.000000
0.000000
0.000000
0.009446
0.000000
0.000000
0.000000
0.001233
0.027196
0.008015
0.024743
0.000000
0.015436
0.000721
0.038535
0.003116
0.016660
0.000000
0.000000
0.029159
0.016506
0.003954
0.000385
0.000000
0.002380
0.000000
0.000000
0.013468
0.000000
0.020425
0.000000
0.000000
0.000000
0.000000
0.000000
0.000000
0.000000
0.017892
0.000000
0.000000
0.000000
0.000000
0.000000
0.075555
0.000000
0.000000
0.004012
0.000000
0.000000
0.000000
0.000000
0.000000
0.022206
0.004936
0.008188
0.036797
0.005554
0.000000
0.009448
0.009803
0.000000
0.000000
0.000000
0.011223
0.000000
0.026193
0.000000
0.019377
0.015294
0.000000
0.000000
0.000000
0.000000
0.010556
0.000000
0.000000
0.011389
0.000000
0.011271
0.000000
0.000000
0.000000
0.000000
0.000000
0.000000
0.068478
0.004011
0.014421
0.012657
0.013471
0.000000
0.000000
0.000000
0.000000
0.000000
0.001291
0.000000
0.010707
0.018079
0.006578
0.010662
0.017870
0.006362
0.000000
0.000000
0.003667
0.003556
0.000000
0.038484
0.037643
0.000000
0.000000
0.000000
0.000000
0.046571
0.000000
0.005476
0.000000
0.005134
0.000000
0.005015
0.007252
0.000000
0.000000
0.000000
0.000000
0.000000
0.000000
0.000000
0.000000
0.001688
0.000000
0.000000
0.000000
0.000000
0.000000
0.004573
0.000000
0.006863
0.018092
0.019288
0.000000
0.033210
0.000900
0.000621
0.000000
0.000000
0.000000
0.000000
0.000000
0.007874
0.000000
0.000000
0.010347
0.012517
0.000000
0.014292
0.009310
0.000249
0.000000
0.002392
0.000000
0.000000
0.000000
0.000000
0.000000
0.000000
0.000000
0.001064
0.000000
0.001238
0.000000
0.000000
0.012499
0.000000
0.002943
0.006613
0.000000
0.000000
0.006091
0.007488
0.003313
0.000000
0.037541
0.012547
0.003557
0.000000
0.008110
0.020416
0.000000
0.000000
0.000000
0.035062
0.006123
0.025344
0.016108
0.009468
0.013767
0.003191
0.005262
0.000000
0.000000
0.000000
0.000000
0.000000
0.038559
0.000000
0.000000
0.000000
0.000000
0.000000
0.000000
0.000000
0.000000
0.000000
0.000000
0.003835
0.005175
0.000000
0.027079
0.006549
0.000000
0.000000
0.000000
0.000000
0.000000
0.000000
0.006933
0.000000
0.000000
0.003896
0.000000
0.000625
0.000000
0.000000
0.000000
0.000000
0.000000
0.000000
0.000000
0.000000
0.000000
0.002663
0.000000
0.000000
0.000000
0.000000
0.000000
0.000000
0.004579
0.000000
0.002494
0.002378
0.006622
0.000000
0.000000
0.004847
0.000000
0.000000
0.000000
0.000000
0.001204
0.000000
0.000000
0.000000
0.000904
0.000000
0.000000
0.000000
0.000000
0.000000
0.000000
0.000000
0.000951
0.000000
0.005636
0.000000
0.011402
0.000000
0.000000
0.000000
0.003522
0.000000
0.000000
0.000000
0.000049
0.000000
0.000000
0.000000
0.000000
0.004851
0.000000
0.000000
0.000000
0.005667
0.000000
0.002560
0.030446
0.000000
0.012647
0.009860
0.000000
0.000000
0.000000
0.000000
0.000000
0.004230
0.012463
0.000000
0.009560
0.000000
0.008909
0.010757
0.000000
0.000000
0.000000
0.000000
0.000000
0.000000
0.000000
0.000000
0.000000
0.000000
0.000000
0.007453
0.000000
0.018284
0.000000
0.000000
0.002258
0.030688
0.075016
0.017728
0.010534
0.011328
0.000000
0.005206
0.054445
0.024347
0.003762
0.000000
0.015828
0.000000
0.025762
0.000000
0.000000
0.000000
0.000000
0.000000
0.000000
0.005566
0.000000
0.009365
0.009219
0.000000
0.000000
0.000000
0.019489
0.000000
0.000000
0.000997
0.000000
0.003139
0.007803
0.000000
0.009820
0.002484
0.000000
0.008213
0.000000
0.000000
0.000000
0.004103
0.000000
0.003191
0.003369
0.000000
0.000000
0.000000
0.000000
0.001814
0.000000
0.023393
0.008278
0.000000
0.006119
0.000000
0.000000
0.001250
0.000000
0.016081
0.044589
0.004762
0.002105
0.000000
0.001000
0.000000
0.000000
0.002776
0.015965
0.009566
0.000000
0.008554
0.000000
0.000000
0.000000
0.000000
0.106327
0.017161
0.008211
0.000000
0.014388
0.000000
0.000000
0.000000
0.001112
0.000000
0.035703
0.011224
0.000946
0.000000
0.043309
0.025975
0.009449
0.000000
0.001061
0.000000
0.000000
0.000000
0.000000
0.000000
0.000000
0.001381
0.003626
0.010528
0.002023
0.000000
0.000000
0.000000
0.000000
0.000000
0.010602
0.000000
0.001071
0.000000
0.000000
0.000000
0.000000
0.000000
0.000000
0.000000
0.000000
0.000000
0.011760
0.000000
0.000000
0.000000
0.000000
0.002775
0.000307
0.000000
0.000000
0.003435
0.004557
0.000000
0.004001
0.000000
0.000000
0.000000
0.000000
0.001424
0.000000
0.016312
0.004941
0.006383
0.000000
0.000000
0.000000
0.000000
0.000000
0.000000
0.000000
0.000000
0.009595
0.000000
0.002513
0.000000
0.000000
0.000000
0.000000
0.009476
0.000000
0.000000
0.009627
0.000000
0.000000
0.011060
0.000000
0.020312
0.002585
0.027946
0.000000
0.000327
0.000769
0.000000
0.003033
0.000000
0.000000
0.000000
0.000000
0.000000
0.000000
0.000000
0.000000
0.000000
0.000000
0.000000
0.000000
0.064418
0.002868
0.004146
0.023569
0.000000
0.000000
0.000000
0.000000
0.000000
0.013088
0.001096
0.000000
0.003091
0.005436
0.000000
0.000000
0.000000
0.031166
0.018098
0.000000
0.000000
0.000000
0.000000
0.000000
0.000000
0.000000
0.000315
0.040198
0.009580
0.000000
0.000000
0.010337
0.000000
0.015875
0.001901
0.000000
0.045457
0.008099
0.001292
0.004413
0.028904
0.000000
0.003854
0.000000
0.000000
0.000000
0.000000
0.010650
0.000000
0.000000
0.000000
0.000000
0.000000
0.000000
0.010086
0.000000
0.009604
0.000000
0.000000
0.024180
0.000000
0.043571
0.004693
0.002089
0.001404
0.000000
0.000000
0.000000
0.000000
0.020407
0.002951
0.000000
0.003270
0.000000
0.001468
0.000000
0.005409
0.000000
0.000000
0.000000
0.000000
0.000000
0.000000
0.000000
0.000000
0.000000
0.000000
0.000000
0.000000
0.000000
0.000000
0.000000
0.000000
0.000000
0.013941
0.003481
0.000000
0.003854
0.000000
0.001125
0.000000
0.000000
0.000000
0.000000
0.000000
0.000000
0.000000
0.000000
0.000000
0.000000
0.000000
0.011941
0.049230
0.005300
0.000000
0.006029
0.000000
0.028235
0.024937
0.001657
0.000000
0.014911
0.000000
0.008309
0.018946
0.000000
0.000000
0.000000
0.000871
0.000000
0.000000
0.002979
0.000000
0.000000
0.000000
0.000000
0.000000
0.000000
0.000000
0.000000
0.000360
0.000000
0.007693
0.014458
0.000000
0.014562
0.005245
0.024889
0.001270
0.000000
0.050391
0.011953
0.024029
0.010886
0.020432
0.000000
0.000000
0.013148
0.025387
0.005507
0.004800
0.000000
0.005743
0.023933
0.020143
0.001726
0.000000
0.000000
0.007012
0.000000
0.000000
0.000000
0.002130
0.000000
0.001632
0.000000
0.000000
0.000000
0.000000
0.000000
0.000000
0.006804
0.014820
0.006158
0.000000
0.000000
0.000000
0.000000
0.000000
0.000000
0.000000
0.000000
0.004036
0.002526
0.000000
0.000510
0.000000
0.028897
0.000000
0.049683
0.017486
0.014551
0.000000
0.000000
0.003999
0.009297
0.014404
0.000000
0.000000
0.000000
0.000000
0.000000
0.029945
0.005031
0.020641
0.000000
0.032856
0.000000
0.000000
0.009774
0.001585
0.000000
0.000000
0.000447
0.032492
0.003393
0.000000
0.007055
0.000000
0.000000
0.000000
0.000000
0.000000
0.000000
0.000000
0.000000
0.000000
0.000000
0.000000
0.000000
0.000000
0.000000
0.000000
0.000000
0.000000
0.000000
0.000000
0.000000
0.000000
0.000000
0.000000
0.000000
0.000000
0.000000
0.000000
0.000000
0.001748
0.007647
0.010586
0.004618
0.015570
0.008500
0.000000
0.024601
0.002956
0.009205
0.000000
0.015020
0.000000
0.005819
0.000000
0.000732
0.003284
0.000000
0.000000
0.000000
0.000000
0.000000
0.000000
0.017484
0.000000
0.013561
0.000000
0.031015
0.002572
0.000000
0.000000
0.000000
0.000000
0.000701
0.000000
0.010843
0.005837
0.000000
0.000000
0.005653
0.006004
0.000000
0.000000
0.000000
0.000000
0.043046
0.004035
0.035785
0.002394
0.000000
0.019483
0.000000
0.001253
0.003928
0.000000
0.001770
0.038383
0.000000
0.000000
0.029689
0.026564
0.001604
0.000000
0.015102
0.000374
0.000000
0.032837
0.018742
0.000000
0.000000
0.007591
0.000000
0.000000
0.005200
0.000932
0.005742
0.010359
0.000000
0.000000
0.005230
0.002127
0.000000
0.017953
0.021248
0.000000
0.029924
0.000719
0.002135
0.000000
0.000000
0.005703
0.003209
0.000793
0.000000
0.007104
0.000000
0.021663
0.005429
0.000000
0.000726
0.000000
0.000000
0.028000
0.000000
0.003805
0.000000
0.000000
0.000209
0.000000
0.016617
0.000000
0.000000
0.001351
0.010122
0.000000
0.000000
0.000714
0.000000
0.031057
0.005892
0.000068
0.013112
0.023685
0.003606
0.000000
0.026988
0.000000
0.012264
0.000000
0.000000
0.003929
0.000000
0.018925
0.000000
0.000000
0.000000
0.000000
0.011160
0.000000
0.031096
0.013281
0.014026
0.000000
0.000000
0.020885
0.000000
0.032637
0.002927
0.000000
0.011580
0.006377
0.000000
0.000000
0.000000
0.016594
0.049200
0.003916
0.019480
0.004757
0.019703
0.000000
0.000000
0.017791
0.000000
0.026429
0.000000
0.005244
0.000000
0.036184
0.012286
0.003637
0.026802
0.000315
0.000000
0.000000
0.002147
0.040150
0.000000
0.000000
0.000000
0.000000
0.000000
0.007190
0.000000
0.005063
0.011254
0.000000
0.000000
0.000000
0.000000
0.008449
0.000000
0.000000
0.000000
0.000000
0.000000
0.000000
0.000000
0.000000
0.000000
0.000000
0.000000
0.000000
0.005439
0.006543
0.000000
0.037528
0.000000
0.000000
0.000000
0.000000
0.000000
0.000000
0.000000
0.022730
0.000631
0.017635
0.001221
0.017531
0.014493
0.000000
0.021042
0.028591
0.000807
0.004265
0.002353
0.000000
0.000303
0.000000
0.000000
0.000000
0.000000
0.000000
0.000000
0.015281
0.006186
0.000000
0.007327
0.016170
0.005631
0.012933
0.011565
0.021406
0.000000
0.009630
0.023962
0.004160
0.000280
0.000000
0.000000
0.011358
0.000000
0.000000
0.000000
0.002624
0.000000
0.047272
0.000000
0.000000
0.000000
0.000000
0.000000
0.083440
0.004457
0.000000
0.000000
0.000000
0.000000
0.000000
0.000000
0.030618
0.002606
0.029599
0.017037
0.004596
0.002016
0.000000
0.006582
0.000000
0.000000
0.000000
0.000000
0.000000
0.023868
0.018573
0.046407
0.000000
0.010304
0.000000
0.001094
0.000000
0.000000
0.000000
0.000000
0.000000
0.000000
0.000000
0.000000
0.000000
0.000000
0.029825
0.009306
0.000000
0.000000
0.000715
0.000000
0.000000
0.004048
0.000000
0.001946
0.006695
0.000000
0.006587
0.000000
0.000000
0.000000
0.000000
0.000000
0.000000
0.000000
0.000487
0.000000
0.000888
0.000000
0.000000
0.000000
0.061214
0.010113
0.006292
0.005986
0.016084
0.000000
0.063449
0.015059
0.000000
0.000000
0.000000
0.000000
0.014895
0.002998
0.000000
0.000000
0.022991
0.000000
0.000000
0.000000
0.000000
0.052310
0.000000
0.023213
0.000000
0.000000
0.000000
0.000000
0.000000
0.006311
0.000000
0.000000
0.000000
0.000000
0.004163
0.000308
0.000000
0.000000
0.000000
0.000000
0.000000
0.001759
0.000000
0.000000
0.000000
0.000000
0.000000
0.002548
0.000000
0.000000
0.000000
0.000000
0.040956
0.002513
0.007080
0.038961
0.023093
0.007537
0.001824
0.016790
0.000000
0.000000
0.000000
0.005346
0.013517
0.022381
0.000655
0.000000
0.006165
0.000000
0.000000
0.000000
0.000000
0.000000
0.000000
0.000000
0.000000
0.000220
0.001615
0.000000
0.004972
0.000000
0.000000
0.000000
0.000967
0.011235
0.027329
0.056830
0.000000
0.018898
0.002045
0.000000
0.049755
0.026399
0.007294
0.000000
0.000000
0.000000
0.000000
0.011455
0.000000
0.022809
0.014004
0.000000
0.000000
0.040434
0.000000
0.003606
0.000000
0.000000
0.003846
0.004348
0.005958
0.012444
0.000000
0.000000
0.000000
0.023171
0.005607
0.010806
0.000000
0.000000
0.013795
0.000000
0.003954
0.000000
0.000000
0.000000
0.007810
0.000000
0.032510
0.000000
0.000351
0.000000
0.008905
0.031489
0.033405
0.004644
0.008259
0.001436
0.000000
0.021393
0.003142
0.039913
0.017504
0.027622
0.010273
0.000000
0.000712
0.002545
0.000000
0.000000
0.007124
0.000000
0.014065
0.002395
0.000000
0.003369
0.015437
0.000000
0.000000
0.002469
0.000000
0.000000
0.000000
0.000000
0.010588
0.009248
0.065815
0.003828
0.012397
0.000000
0.000000
0.023461
0.000000
0.000000
0.000000
0.000000
0.000000
0.000000
0.000000
0.000000
0.000000
0.000000
0.003501
0.000000
0.000437
0.024294
0.022245
0.004047
0.000000
0.000000
0.000000
0.060294
0.002302
0.000000
0.000000
0.000000
0.032315
0.000000
0.000000
0.000000
0.000000
0.000000
0.000000
0.000000
0.001177
0.000000
0.001014
0.012668
0.000000
0.061325
0.000000
0.000000
0.000000
0.000000
0.000000
0.000000
0.008237
0.000000
0.008615
0.000000
0.000000
0.002917
0.000000
0.000000
0.000000
0.000000
0.000000
0.021472
0.000000
0.014020
0.007631
0.000000
0.000000
0.008919
0.000000
0.012388
0.000000
0.000020
0.000000
0.000000
0.000000
0.000000
0.000000
0.000000
0.000000
0.000553
0.000000
0.006003
0.000000
0.000000
0.000000
0.000000
0.000000
0.020805
0.000000
0.000000
0.000000
0.021281
0.000000
0.000517
0.000000
0.000000
0.000000
0.009651
0.000000
0.000000
0.000000
0.000000
0.008603
0.000000
0.000000
0.041568
0.006859
0.000000
0.005271
0.005330
0.000000
0.000000
0.026552
0.000000
0.000000
0.008242
0.000000
0.011643
0.000000
0.020131
0.000000
0.004767
0.012225
0.027600
0.016140
0.000000
0.000000
0.000000
0.000000
0.000000
0.000000
0.004006
0.000000
0.004511
0.002197
0.000000
0.000000
0.000000
0.000000
0.000000
0.000000
0.000000
0.000000
0.000321
0.000000
0.003889
0.000000
0.017706
0.020045
0.046658
0.013741
0.000000
0.000000
0.022822
0.000000
0.009917
0.001875
0.000000
0.002577
0.000000
0.000890
0.000000
0.000000
0.000000
0.000000
0.000000
0.003084
0.000000
0.003899
0.000000
0.000000
0.000000
0.000000
0.000000
0.014777
0.017343
0.003785
0.021096
0.000000
0.028461
0.000000
0.001800
0.056076
0.016147
0.000000
0.002617
0.000000
0.013440
0.000000
0.000000
0.000000
0.000000
0.005033
0.000000
0.001052
0.006145
0.000000
0.000000
0.000000
0.000000
0.000247
0.000000
0.000000
0.000000
0.000000
0.007161
0.031732
0.011490
0.000000
0.000000
0.000000
0.003424
0.005938
0.000000
0.003956
0.000000
0.000000
0.000000
0.011012
0.000000
0.000000
0.000000
0.000000
0.045636
0.001681
0.056248
0.020153
0.029209
0.003028
0.002186
0.000337
0.015729
0.000713
0.000000
0.000000
0.000442
0.000000
0.000000
0.000000
0.000000
0.000000
0.000000
0.000000
0.017129
0.000000
0.010497
0.000000
0.000000
0.000000
0.007244
0.012528
0.000000
0.005146
0.000000
0.020473
0.000000
0.000000
0.000000
0.016377
0.000000
0.000000
0.000000
0.015936
0.001186
0.000000
0.009582
0.000000
0.004535
0.000000
0.001461
0.027473
0.005211
0.000574
0.000000
0.020244
0.000043
0.000000
0.019133
0.008177
0.022020
0.000000
0.000000
0.000000
0.000000
0.010558
0.000000
0.023412
0.011755
0.000000
0.000000
0.002322
0.000000
0.000000
0.000000
0.000000
0.000000
0.000000
0.003672
0.000000
0.000000
0.001787
0.000000
0.017845
0.000000
0.000000
0.017713
0.008841
0.000000
0.000000
0.000000
0.000000
0.000000
0.005544
0.007533
0.000000
0.000000
0.000000
0.001377
0.000000
0.000000
0.000000
0.000000
0.000000
0.000000
0.000000
0.000000
0.000000
0.000000
0.000000
0.000000
0.000000
0.000000
0.002160
0.000000
0.007136
0.000000
0.046005
0.009024
0.004674
0.003499
0.000000
0.000000
0.010458
0.014026
0.000000
0.000000
0.001181
0.000000
0.000000
0.000000
0.000000
0.000000
0.000000
0.016164
0.000000
0.005923
0.029136
0.000000
0.072641
0.020046
0.021438
0.000000
0.000000
0.000000
0.000000
0.000000
0.002276
0.000000
0.000000
0.000000
0.000000
0.000000
0.021462
0.002561
0.000000
0.000000
0.000000
0.000000
0.000000
0.003031
0.000000
0.007569
0.012681
0.000000
0.014369
0.007925
0.000000
0.019154
0.014599
0.000000
0.003900
0.000000
0.000214
0.039682
0.011334
0.038276
0.005460
0.009833
0.001077
0.000000
0.021331
0.010513
0.000589
0.000000
0.000000
0.017926
0.000000
0.000000
0.000000
0.023478
0.013324
0.000000
0.038833
0.000000
0.000000
0.000000
0.004173
0.000000
0.012918
0.000869
0.011606
0.000000
0.015314
0.000158
0.000000
0.002804
0.000000
0.000000
0.000000
0.000000
0.000000
0.000000
0.017752
0.000000
0.000000
0.000000
0.031643
0.000000
0.000000
0.000000
0.000000
0.000000
0.000000
0.000000
0.000000
0.009472
0.000000
0.000000
0.000000
0.020624
0.000000
0.003617
0.000000
0.001051
0.000000
0.001310
0.000000
0.000000
0.000000
0.000000
0.000000
0.000000
0.000000
0.003548
0.000000
0.000000
0.000000
0.000000
0.000052
0.010969
0.000000
0.000000
0.000000
0.010389
0.000000
0.000000
0.007943
0.000000
0.000000
0.000000
0.000448
0.000000
0.009892
0.053177
0.063279
0.001177
0.000000
0.000000
0.000000
0.009937
0.000000
0.000000
0.000153
0.003462
0.000000
0.000000
0.000000
0.000000
0.000000
0.000000
0.000000
0.009167
0.001627
0.000000
0.003279
0.000000
0.003863
0.000000
0.001263
0.000000
0.000000
0.000000
0.016772
0.000000
0.000000
0.000000
0.000000
0.000000
0.000000
0.003533
0.000000
0.000000
0.000000
0.000000
0.000000
0.000000
0.000000
0.005306
0.000000
0.000000
0.000000
0.000000
0.000000
0.000000
0.022064
0.000000
0.000000
0.001790
0.002106
0.000000
0.000000
0.004902
0.000000
0.017238
0.000000
0.002644
0.017706
0.022053
0.002107
0.000000
0.000000
0.000000
0.000000
0.000000
0.000000
0.009599
0.010247
0.000000
0.000000
0.000000
0.000000
0.020409
0.033124
0.005093
0.012900
0.023758
0.000000
0.002851
0.007153
0.018859
0.000000
0.008640
0.003293
0.028577
0.000000
0.017306
0.017100
0.000000
0.013111
0.000000
0.000000
0.013518
0.000000
0.013679
0.000000
0.007296
0.000000
0.000000
0.000000
0.000000
0.000000
0.000000
0.000000
0.000000
0.000000
0.000000
0.001394
0.000000
0.002202
0.000000
0.005569
0.000000
0.006096
0.000000
0.021808
0.000046
0.000000
0.000000
0.000000
0.000000
0.000000
0.000000
0.000000
0.000000
0.000000
0.000000
0.000000
0.000000
0.000000
0.000000
0.000000
0.026913
0.000000
0.000000
0.010258
0.005872
0.000000
0.000000
0.007220
0.000000
0.000000
0.000000
0.000000
0.005254
0.000000
0.008664
0.012006
0.002851
0.000000
0.002354
0.000246
0.000000
0.000000
0.006257
0.000000
0.000000
0.000000
0.000000
0.000000
0.000000
0.000000
0.000000
0.012530
0.000000
0.000000
0.000000
0.009981
0.024305
0.000000
0.007211
0.029307
0.008159
0.000000
0.001620
0.000979
0.000000
0.000000
0.011230
0.000000
0.000000
0.000000
0.000000
0.000000
0.000000
0.000000
0.000000
0.000000
0.003167
0.000000
0.000000
0.000000
0.000000
0.000000
0.000000
0.000000
0.000000
0.000000
0.000000
0.034852
0.000434
0.000000
0.000000
0.000000
0.000000
0.000000
0.000000
0.000000
0.042359
0.038576
0.000376
0.011120
0.003899
0.004552
0.006805
0.018468
0.000000
0.000000
0.000000
0.000000
0.000775
0.014656
0.000000
0.000000
0.000000
0.003035
0.000000
0.000000
0.069520
0.002234
0.000000
0.012317
0.000000
0.000000
0.000000
0.000000
0.000000
0.000000
0.000000
0.000000
0.000000
0.000000
0.000000
0.000000
0.006050
0.012265
0.004414
0.002162
0.000000
0.003141
0.000000
0.001813
0.000000
0.007045
0.000000
0.021306
0.000000
0.000000
0.000000
0.000000
0.000000
0.020325
0.011561
0.000000
0.000000
0.000000
0.000000
0.000000
0.000000
0.000000
0.000000
0.000000
0.000000
0.000000
0.009528
0.000000
0.000000
0.000000
0.000000
0.000000
0.000000
0.004152
0.000000
0.000000
0.000000
0.000000
0.000000
0.000000
0.033858
0.007328
0.003783
0.010685
0.000000
0.000000
0.000000
0.026800
0.029076
0.007903
0.014668
0.000000
0.005271
0.016090
0.003551
0.043042
0.000000
0.000000
0.000000
0.000000
0.000000
0.000000
0.000000
0.000000
0.000000
0.000000
0.000000
0.000000
0.000000
0.000000
0.000000
0.000000
0.005206
0.000000
0.000000
0.000000
0.000000
0.008530
0.000000
0.000000
0.000000
0.000000
0.000000
0.000000
0.004102
0.000000
0.000000
0.000000
0.000000
0.007609
0.000000
0.012602
0.000000
0.008661
0.014074
0.000000
0.003573
0.000000
0.000000
0.000000
0.000000
0.032052
0.000000
0.009209
0.027055
0.000000
0.000000
0.031844
0.019337
0.006964
0.008149
0.000000
0.025049
0.032806
0.000000
0.004869
0.033272
0.000000
0.000000
0.000864
0.002069
0.000000
0.008949
0.000000
0.000000
0.028521
0.019368
0.012938
0.018929
0.000000
0.003471
0.000000
0.000000
0.000000
0.000000
0.000000
0.000000
0.023170
0.013186
0.000000
0.000750
0.007777
0.003682
0.000000
0.025908
0.000000
0.000000
0.009011
0.000000
0.001214
0.000000
0.000000
0.000000
0.000000
0.000000
0.005996
0.000000
0.000000
0.000000
0.000095
0.000000
0.015578
0.000000
0.000000
0.022235
0.000000
0.000000
0.000000
0.000000
0.000000
0.000000
0.000000
0.000000
0.016400
0.000000
0.000000
0.000000
0.000000
0.000000
0.006870
0.000000
0.043898
0.000000
0.000000
0.000000
0.000000
0.000000
0.019206
0.012246
0.000000
0.008193
0.016464
0.000845
0.000000
0.003304
0.000000
0.027150
0.000000
0.000000
0.000000
0.000000
0.000000
0.000000
0.009423
0.005061
0.000000
0.006368
0.000000
0.000000
0.000000
0.000000
0.000000
0.000000
0.009493
0.000000
0.009438
0.015147
0.000000
0.000000
0.000000
0.000000
0.000000
0.000000
0.019053
0.000000
0.021784
0.002066
0.008402
0.000000
0.054807
0.022662
0.001787
0.003896
0.006546
0.000461
0.000000
0.041360
0.023448
0.006588
0.022679
0.005106
0.008140
0.024000
0.020976
0.002775
0.000000
0.000000
0.000000
0.000000
0.000000
0.000000
0.000000
0.007435
0.011460
0.000000
0.071964
0.026827
0.004947
0.000169
0.001873
0.015640
0.000000
0.017790
0.000000
0.023008
0.009663
0.000000
0.000000
0.000000
0.000000
0.000000
0.002171
0.000000
0.007478
0.000000
0.002651
0.004136
0.044053
0.004242
0.060157
0.005605
0.000000
0.000000
0.000000
0.000000
0.000000
0.008988
0.000000
0.032162
0.000000
0.001179
0.034208
0.020194
0.000000
0.000000
0.004006
0.000000
0.000000
0.000000
0.000000
0.000000
0.000000
0.000000
0.000000
0.000000
0.000000
0.003289
0.000000
0.006333
0.000000
0.006713
0.008767
0.004187
0.002347
0.000000
0.000000
0.000000
0.000000
0.001526
0.000000
0.000000
0.000000
0.000000
0.000000
0.031916
0.005402
0.020489
0.014126
0.020709
0.017975
0.000000
0.000000
0.015661
0.003889
0.002410
0.000000
0.004398
0.000000
0.001853
0.000000
0.000000
0.000000
0.000080
0.000000
0.005894
0.001391
0.003568
0.009762
0.000000
0.000000
0.002696
0.000000
0.001338
0.000000
0.001485
0.012569
0.019899
0.000927
0.000000
0.000000
0.000000
0.018272
0.000000
0.000000
0.000000
0.000000
0.000000
0.000000
0.000000
0.000000
0.000000
0.000000
0.050391
0.011935
0.000000
0.010451
0.000000
0.005865
0.009608
0.000000
0.003728
0.031506
0.002734
0.029096
0.013011
0.017780
0.016430
0.010221
0.018308
0.011029
0.011381
0.000000
0.008233
0.001351
0.003985
0.000000
0.022646
0.000000
0.036962
0.007975
0.000000
0.000000
0.000000
0.009847
0.000000
0.000000
0.000000
0.000000
0.000000
0.000000
0.036905
0.000000
0.011742
0.000000
0.000000
0.000000
0.001939
0.000000
0.030637
0.013941
0.000000
0.000000
0.000000
0.000393
0.000000
0.000000
0.000000
0.000000
0.000000
0.000000
0.000000
0.000000
0.006256
0.005671
0.012934
0.000000
0.000000
0.000000
0.010936
0.009237
0.027197
0.000000
0.016172
0.020027
0.003753
0.005761
0.000000
0.000000
0.024450
0.000000
0.000756
0.000000
0.008959
0.000000
0.000000
0.000000
0.000000
0.000000
0.000000
0.000000
0.000000
0.000000
0.006474
0.000000
0.007483
0.010549
0.000000
0.000850
0.000000
0.000180
0.000000
0.000000
0.000000
0.000000
0.000000
0.000000
0.000279
0.000000
0.000000
0.000000
0.014366
0.000000
0.000000
0.000000
0.000000
0.000000
0.000000
0.010508
0.000000
0.027401
0.000000
0.034469
0.016012
0.000000
0.032586
0.000000
0.002359
0.000000
0.000000
0.000000
0.005236
0.001119
0.007111
0.000000
0.000000
0.000000
0.000000
0.000000
0.000000
0.000000
0.000000
0.000000
0.000000
0.000000
0.000000
0.000000
0.000000
0.000000
0.014951
0.001679
0.000000
0.000000
0.000000
0.000000
0.000000
0.000000
0.000000
0.000000
0.027304
0.000000
0.015950
0.000000
0.001208
0.000000
0.000000
0.000000
0.006010
0.000000
0.000000
0.000000
0.003827
0.000000
0.006994
0.025330
0.000000
0.004491
0.000000
0.001446
0.000000
0.009146
0.024631
0.008505
0.000000
0.024082
0.000000
0.000000
0.000000
0.034038
0.023884
0.000000
0.010008
0.000000
0.029208
0.000000
0.012530
0.002081
0.000000
0.000000
0.016786
0.021112
0.003455
0.000000
0.008531
0.000000
0.005249
0.000000
0.001397
0.000000
0.000000
0.000000
0.000000
0.009084
0.000000
0.000000
0.000000
0.000000
0.017347
0.000000
0.000301
0.000000
0.013065
0.001264
0.000000
0.010966
0.022155
0.016083
0.000000
0.015827
0.007705
0.004423
0.013014
0.000000
0.005869
0.000000
0.005231
0.000000
0.020413
0.000000
0.000000
0.000000
0.000000
0.000000
0.000000
0.000000
0.000000
0.000000
0.000000
0.000000
0.000000
0.000000
0.000000
0.000000
0.012670
0.010440
0.000000
0.027023
0.000000
0.000000
0.000000
0.000000
0.000000
0.000000
0.000000
0.000871
0.000000
0.001959
0.000000
0.000000
0.003765
0.000000
0.000000
0.000000
0.000000
0.000000
0.014847
0.000000
0.012142
0.000000
0.026901
0.011075
0.010620
0.001960
0.015868
0.000100
0.000000
0.006173
0.000000
0.005710
0.000000
0.000000
0.002765
0.000000
0.010547
0.000000
0.002509
0.000000
0.000000
0.000000
0.000000
0.000000
0.000000
0.035028
0.011863
0.000000
0.021710
0.000000
0.002598
0.000000
0.000000
0.000000
0.000000
0.000000
0.000000
0.020326
0.000000
0.005914
0.023862
0.015825
0.012853
0.000000
0.000000
0.000000
0.003192
0.000000
0.000000
0.008593
0.000000
0.038107
0.010702
0.026311
0.001205
0.000000
0.000798
0.009646
0.000000
0.000000
0.000612
0.000000
0.011473
0.000000
0.000000
0.012614
0.004918
0.003310
0.000000
0.000000
0.000000
0.000000
0.007943
0.000000
0.003309
0.000000
0.000000
0.000000
0.000000
0.049133
0.006785
0.000000
0.005761
0.000090
0.000000
0.003639
0.000503
0.000000
0.006936
0.026891
0.007920
0.024843
0.000000
0.039135
0.002084
0.000000
0.008810
0.002831
0.000000
0.000000
0.000000
0.006854
0.018508
0.000000
0.000000
0.000000
0.000000
0.000000
0.000000
0.014991
0.000000
0.000000
0.006890
0.022402
0.002583
0.000000
0.000473
0.000000
0.009864
0.007589
0.000000
0.021156
0.000000
0.000000
0.002657
0.016640
0.014694
0.009322
0.000000
0.000000
0.018313
0.026910
0.006030
0.005225
0.000000
0.000000
0.000000
0.000000
0.001813
0.000000
0.000000
0.009763
0.000000
0.003672
0.000000
0.013970
0.000000
0.008557
0.000000
0.000000
0.014023
0.000000
0.000000
0.000621
0.054336
0.008330
0.000000
0.000000
0.014385
0.011456
0.000000
0.000000
0.014611
0.000000
0.001697
0.018137
0.007512
0.000000
0.023809
0.016450
0.016390
0.019923
0.000000
0.000887
0.000000
0.014544
0.000000
0.000000
0.000000
0.003053
0.004271
0.019296
0.000000
0.011574
0.000000
0.002329
0.000000
0.002047
0.000000
0.000000
0.003188
0.000000
0.000000
0.000561
0.001282
0.000000
0.000000
0.000000
0.000000
0.001653
0.007081
0.000000
0.000000
0.011398
0.015746
0.000000
0.000447
0.000000
0.011948
0.019834
0.003314
0.000000
0.005110
0.000000
0.002435
0.000000
0.000000
0.000000
0.000000
0.060768
0.018029
0.013171
0.000000
0.000000
0.000000
0.000000
0.000000
0.000000
0.007875
0.000000
0.020973
0.023651
0.000000
0.000000
0.000000
0.000000
0.000000
0.000000
0.000000
0.000000
0.000000
0.035936
0.000828
0.000000
0.018785
0.012545
0.020314
0.000000
0.000000
0.020820
0.010254
0.000000
0.000000
0.000000
0.000000
0.000000
0.000000
0.000000
0.002692
0.000000
0.000000
0.001447
0.000000
0.003570
0.012838
0.011960
0.000000
0.041804
0.000000
0.000000
0.000000
0.000000
0.000000
0.000000
0.000000
0.006061
0.000000
0.035760
0.010131
0.023475
0.000000
0.026819
0.000000
0.000000
0.000000
0.000000
0.000000
0.005225
0.000000
0.000000
0.005434
0.000000
0.000000
0.000000
0.005673
0.007458
0.000000
0.000000
0.026278
0.000000
0.000000
0.000000
0.013918
0.007268
0.011493
0.000000
0.006915
0.000000
0.000000
0.000000
0.012167
0.000256
0.000000
0.037351
0.089348
0.007444
0.015025
0.002149
0.013229
0.000000
0.001341
0.001924
0.000000
0.000000
0.000000
0.031921
0.000000
0.007585
0.001281
0.000000
0.000827
0.000000
0.003820
0.000000
0.000000
0.000000
0.011853
0.004498
0.004462
0.001058
0.000000
0.000000
0.021237
0.000000
0.001491
0.000000
0.022605
0.000000
0.035633
0.007535
0.000000
0.000000
0.000000
0.009584
0.000000
0.000000
0.000000
0.000000
0.000000
0.001931
0.000000
0.014711
0.000000
0.024440
0.000000
0.000000
0.000000
0.000000
0.000000
0.005913
0.030220
0.000952
0.000000
0.019687
0.010803
0.000000
0.020238
0.000000
0.000000
0.000000
0.002977
0.000000
0.000809
0.000000
0.040538
0.000000
0.003118
0.009192
0.000000
0.000000
0.000000
0.000000
0.000000
0.000000
0.010176
0.000282
0.000000
0.000000
0.000000
0.000000
0.007750
0.000000
0.000000
0.000000
0.000000
0.000000
0.000000
0.050387
0.002206
0.001748
0.000000
0.000000
0.000000
0.011710
0.000000
0.001797
0.000000
0.000000
0.000000
0.000000
0.000000
0.000000
0.000000
0.007566
0.000000
0.008815
0.000000
0.000000
0.000000
0.000000
0.000000
0.000000
0.000000
0.000000
0.000000
0.026033
0.001447
0.000000
0.000000
0.001112
0.000000
0.000000
0.027524
0.003763
0.010120
0.000000
0.036637
0.018268
0.001161
0.000000
0.031134
0.000000
0.004932
0.011015
0.000000
0.000000
0.000000
0.000000
0.000000
0.000000
0.000000
0.000000
0.000000
0.062126
0.044942
0.000000
0.000000
0.000000
0.012457
0.000000
0.000282
0.000000
0.004509
0.000000
0.000000
0.000000
0.000000
0.000000
0.000000
0.000000
0.000000
0.020604
0.001586
0.007387
0.000000
0.000000
0.003402
0.029507
0.004270
0.011011
0.029966
0.002542
0.000000
0.026639
0.049705
0.000000
0.000000
0.021490
0.019478
0.000000
0.000000
0.020943
0.000000
0.004356
0.005416
0.007741
0.000000
0.008156
0.000000
0.003258
0.000000
0.004668
0.000000
0.000336
0.030449
0.000000
0.000000
0.001432
0.000000
0.020170
0.000000
0.013129
0.001520
0.022573
0.051153
0.005950
0.006871
0.000000
0.000000
0.012468
0.000000
0.000000
0.000000
0.003109
0.049766
0.029599
0.000000
0.000000
0.000000
0.000000
0.000000
0.000000
0.000000
0.000000
0.000000
0.007666
0.023306
0.000000
0.000770
0.000000
0.012373
0.000000
0.000000
0.000000
0.000000
0.000000
0.010384
0.000000
0.009980
0.000000
0.002697
0.007452
0.036904
0.000000
0.000000
0.000000
0.000000
0.000000
0.000000
0.015085
0.005320
0.000000
0.000000
0.001768
0.000000
0.000000
0.000000
0.000000
0.000000
0.000000
0.000000
0.000000
0.000000
0.000000
0.000000
0.000000
0.000000
0.000000
0.000000
0.014839
0.018355
0.000000
0.000000
0.000000
0.000000
0.000000
0.000000
0.000000
0.000000
0.000000
0.001904
0.001214
0.000000
0.000000
0.000000
0.000000
0.000000
0.038061
0.000000
0.000000
0.000000
0.000000
0.000000
0.000000
0.000000
0.004899
0.000000
0.000000
0.000000
0.000000
0.000000
0.000000
0.000000
0.000000
0.000000
0.000000
0.017969
0.000000
0.000000
0.000000
0.000000
0.002527
0.014639
0.000000
0.000000
0.000000
0.000000
0.000000
0.000283
0.000000
0.004206
0.000000
0.005031
0.001793
0.021398
0.015664
0.030271
0.000000
0.000326
0.000000
0.000000
0.000000
0.000000
0.015879
0.000000
0.045663
0.013990
0.004001
0.010918
0.000000
0.000000
0.000000
0.000000
0.020553
0.000000
0.011914
0.000000
0.015296
0.000000
0.033786
0.002322
0.000000
0.000000
0.000000
0.020068
0.000000
0.008442
0.000000
0.001370
0.005160
0.000000
0.000000
0.004459
0.000000
0.015364
0.000000
0.007080
0.000000
0.008178
0.021644
0.011976
0.000000
0.000000
0.000000
0.000000
0.000000
0.002879
0.000608
0.000000
0.002375
0.000000
0.000000
0.000000
0.000000
0.014657
0.007604
0.000000
0.000270
0.000000
0.007935
0.000000
0.016297
0.033929
0.000589
0.000000
0.021459
0.000000
0.000481
0.000000
0.003289
0.000000
0.000000
0.000000
0.002048
0.000000
0.000000
0.000000
0.000000
0.000000
0.000000
0.021334
0.000000
0.004740
0.005770
0.000000
0.000000
0.000000
0.000013
0.000000
0.017297
0.000000
0.006484
0.000000
0.000000
0.000000
0.000000
0.010682
0.007744
0.000000
0.007328
0.000000
0.010810
0.001552
0.000000
0.027858
0.035079
0.011659
0.000000
0.012748
0.000000
0.000000
0.000000
0.000000
0.000000
0.000814
0.000000
0.008768
0.000000
0.041962
0.000000
0.000000
0.006382
0.000000
0.012832
0.000000
0.002258
0.001042
0.061231
0.003355
0.008164
0.017774
0.003371
0.000000
0.000000
0.000000
0.000000
0.000000
0.000000
0.005521
0.000000
0.000000
0.000000
0.000000
0.000000
0.000000
0.000000
0.000000
0.000000
0.000000
0.000000
0.010718
0.000000
0.004614
0.000000
0.031574
0.045192
0.000000
0.000000
0.000000
0.000000
0.004623
0.003365
0.000000
0.014125
0.005587
0.000000
0.000000
0.000000
0.000000
0.000000
0.000000
0.000000
0.000000
0.000000
0.000000
0.000000
0.002980
0.000000
0.058200
0.001230
0.013044
0.000000
0.007031
0.000000
0.003973
0.000000
0.000691
0.000000
0.000000
0.000000
0.000442
0.005668
0.000000
0.043164
0.034368
0.028912
0.000000
0.019040
0.024135
0.001205
0.000000
0.004702
0.002325
0.000000
0.013239
0.002011
0.000157
0.016707
0.000000
0.003311
0.011275
0.000000
0.008174
0.012691
0.000000
0.000000
0.000000
0.014911
0.000000
0.000000
0.013950
0.026495
0.000000
0.000000
0.012657
0.019447
0.000000
0.000000
0.008321
0.000000
0.000000
0.000000
0.000000
0.000000
0.000000
0.000000
0.000000
0.000000
0.050804
0.006432
0.010492
0.000000
0.011950
0.000000
0.000000
0.000000
0.000000
0.000000
0.000000
0.000000
0.000000
0.010778
0.000000
0.000000
0.000000
0.000000
0.032167
0.000000
0.000000
0.000000
0.000000
0.000000
0.040721
0.002320
0.000000
0.000000
0.012906
0.000000
0.000000
0.000000
0.000000
0.000000
0.000000
0.016867
0.004986
0.000000
0.000000
0.000000
0.005525
0.000000
0.007157
0.000000
0.029986
0.015311
0.000702
0.044643
0.000000
0.000000
0.000000
0.000000
0.000000
0.000000
0.000000
0.000000
0.023242
0.000000
0.000000
0.000000
0.000841
0.000000
0.000000
0.010768
0.010062
0.001601
0.000000
0.006186
0.000000
0.000000
0.000000
0.000000
0.002988
0.000000
0.000000
0.000000
0.001521
0.000175
0.000666
0.002577
0.000000
0.000000
0.000000
0.000000
0.000000
0.000000
0.060680
0.002845
0.004310
0.000000
0.026535
0.000311
0.000000
0.001711
0.000000
0.000000
0.000000
0.000000
0.021732
0.000000
0.000697
0.001553
0.002999
0.000000
0.007462
0.000000
0.020976
0.001194
0.003220
0.009783
0.000000
0.000000
0.000000
0.000000
0.000000
0.000000
0.000000
0.000000
0.023677
0.001645
0.001230
0.000000
0.000000
0.000000
0.000000
0.000000
0.000000
0.000000
0.000000
0.000000
0.005915
0.005491
0.000000
0.003441
0.000000
0.009641
0.000000
0.000000
0.000000
0.019470
0.010047
0.000000
0.000000
0.000000
0.000000
0.000000
0.000000
0.006311
0.000000
0.009997
0.001680
0.000000
0.013691
0.000000
0.000000
0.000000
0.000000
0.000000
0.003415
0.000000
0.004469
0.000000
0.000579
0.000000
0.000000
0.000000
0.015529
0.006755
0.000000
0.000000
0.003488
0.000000
0.000266
0.000000
0.000000
0.013616
0.000000
0.009906
0.008791
0.000000
0.001097
0.000000
0.011550
0.000000
0.000000
0.000000
0.000011
0.000000
0.000000
0.000000
0.006377
0.014898
0.000000
0.000000
0.000000
0.000000
0.000000
0.000000
0.011154
0.000000
0.011457
0.016441
0.000000
0.000000
0.000000
0.000025
0.000000
0.024608
0.005288
0.004940
0.024078
0.002600
0.000000
0.000000
0.000000
0.000000
0.000000
0.003921
0.008235
0.000000
0.008385
0.000000
0.015546
0.000000
0.003201
0.006570
0.000000
0.000000
0.000000
0.000000
0.012791
0.028864
0.000000
0.016195
0.000000
0.000000
0.000000
0.000000
0.000000
0.000000
0.000000
0.000000
0.000000
0.000000
0.017448
0.014954
0.000000
0.000000
0.000000
0.000000
0.000000
0.016300
0.016795
0.026257
0.000000
0.000000
0.000000
0.000000
0.000000
0.042944
0.084057
0.004153
0.015341
0.014937
0.021542
0.013257
0.000000
0.004240
0.000000
0.003200
0.000000
0.018138
0.000000
0.000000
0.000000
0.000000
0.000000
0.016029
0.007220
0.001729
0.000000
0.019799
0.000000
0.000000
0.000802
0.019393
0.002319
0.000000
0.000000
0.000000
0.010861
0.000000
0.000000
0.000000
0.000000
0.000000
0.000000
0.002736
0.000000
0.000000
0.021300
0.000000
0.006851
0.024142
0.000000
0.004498
0.000000
0.002493
0.000000
0.018599
0.000000
0.004256
0.000000
0.000000
0.000000
0.000000
0.002803
0.000000
0.000864
0.000000
0.033211
0.000000
0.004922
0.000000
0.000000
0.000000
0.006210
0.007394
0.000000
0.030451
0.001019
0.000000
0.000000
0.000000
0.000000
0.000000
0.000000
0.000000
0.000000
0.000000
0.002781
0.000000
0.000000
0.000000
0.000000
0.000000
0.016183
0.000000
0.009269
0.000000
0.012087
0.000000
0.000000
0.045346
0.000000
0.000000
0.000000
0.019465
0.021738
0.000000
0.000000
0.003333
0.000000
0.000000
0.000000
0.000000
0.000000
0.000000
0.000000
0.000000
0.000000
0.000000
0.000000
0.000000
0.000000
0.000000
0.000000
0.002904
0.000000
0.000000
0.000000
0.000000
0.000000
0.000000
0.000000
0.002791
0.000000
0.000000
0.038627
0.006711
0.029038
0.013982
0.031787
0.007909
0.009194
0.029417
0.016979
0.004690
0.000000
0.000000
0.003801
0.000000
0.003598
0.001127
0.000000
0.000000
0.009482
0.020026
0.000000
0.023718
0.000578
0.000000
0.000000
0.004875
0.000000
0.000000
0.000000
0.000000
0.000000
0.002295
0.026099
0.017154
0.011280
0.000000
0.016773
0.020088
0.000000
0.015109
0.000000
0.024920
0.006767
0.000000
0.012824
0.003490
0.000000
0.034037
0.006722
0.000000
0.000000
0.000000
0.000000
0.000000
0.000000
0.000000
0.000000
0.018097
0.000000
0.007282
0.000000
0.000000
0.008596
0.000879
0.000000
0.049320
0.008568
0.002046
0.000000
0.000000
0.000000
0.000000
0.000000
0.000000
0.007350
0.000461
0.000000
0.000000
0.026822
0.010128
0.000000
0.000000
0.006181
0.000000
0.029295
0.004486
0.000000
0.004916
0.000000
0.000000
0.009448
0.000000
0.000000
0.000000
0.001440
0.000000
0.000000
0.000000
0.000000
0.000000
0.000052
0.000000
0.000000
0.000000
0.000000
0.020573
0.028355
0.001524
0.000000
0.014500
0.000000
0.000790
0.000000
0.008542
0.006401
0.000000
0.001120
0.046401
0.001069
0.015543
0.000000
0.000000
0.000000
0.000000
0.000000
0.000000
0.000000
0.000000
0.000000
0.004939
0.000000
0.000000
0.000000
0.000000
0.011937
0.000000
0.007165
0.002158
0.000000
0.000000
0.001478
0.002257
0.000000
0.000000
0.017260
0.009547
0.000000
0.066400
0.018244
0.013132
0.061539
0.001373
0.014633
0.002827
0.000000
0.000000
0.000000
0.008113
0.000000
0.002182
0.004022
0.002937
0.000000
0.019842
0.017482
0.005547
0.005835
0.000000
0.015807
0.000000
0.000000
0.000000
0.010688
0.000000
0.000000
0.000000
0.014789
0.000000
0.000000
0.000000
0.008413
0.000000
0.003863
0.001090
0.001438
0.000000
0.006906
0.007311
0.000000
0.000430
0.000000
0.016721
0.000000
0.009666
0.042490
0.000000
0.000229
0.009510
0.000000
0.000000
0.000000
0.000000
0.000000
0.030520
0.000000
0.028036
0.014931
0.001859
0.010117
0.001119
0.000000
0.000000
0.006751
0.000000
0.000000
0.001402
0.000000
0.053579
0.008817
0.002182
0.000000
0.000000
0.004955
0.000000
0.039257
0.027252
0.015525
0.004183
0.004557
0.003996
0.000000
0.027623
0.004678
0.000000
0.000000
0.000000
0.000000
0.000000
0.000000
0.020612
0.000000
0.000000
0.000000
0.046759
0.005197
0.003670
0.000000
0.008734
0.000000
0.007231
0.000000
0.002522
0.000000
0.015399
0.000000
0.000000
0.000000
0.000000
0.000000
0.000000
0.015805
0.027450
0.025916
0.000000
0.000000
0.007482
0.000000
0.000000
0.000000
0.000000
0.001943
0.000628
0.000000
0.009941
0.004587
0.029601
0.000000
0.026815
0.003393
0.000000
0.016765
0.000000
0.000000
0.000000
0.000000
0.005958
0.000000
0.010170
0.027230
0.004636
0.000000
0.000000
0.050167
0.000000
0.009351
0.000000
0.000000
0.012854
0.005338
0.000000
0.000000
0.000000
0.000000
0.000000
0.000000
0.000000
0.006071
0.000000
0.000000
0.000000
0.000000
0.000000
0.000000
0.000000
0.000000
0.000000
0.000000
0.000000
0.000000
0.011713
0.006315
0.000000
0.000000
0.000509
0.000000
0.005328
0.000285
0.000000
0.000000
0.000000
0.000000
0.000000
0.002009
0.020089
0.000000
0.000000
0.000000
0.000000
0.011029
0.000000
0.005501
0.014593
0.033028
0.005839
0.000000
0.000000
0.011748
0.005590
0.000000
0.000000
0.026338
0.000000
0.000000
0.000000
0.000000
0.000000
0.000000
0.000000
0.000000
0.000000
0.000000
0.005889
0.000000
0.019746
0.000000
0.024731
0.000000
0.000000
0.000000
0.020859
0.000000
0.005562
0.000000
0.000000
0.007323
0.000000
0.007982
0.000000
0.000000
0.000000
0.000000
0.000000
0.028268
0.000000
0.012362
0.003314
0.000000
0.005854
0.009679
0.000000
0.000000
0.000000
0.000000
0.000000
0.018416
0.000000
0.008972
0.000000
0.000000
0.000000
0.000000
0.000000
0.000000
0.000000
0.004206
0.000000
0.000000
0.034205
0.000000
0.000000
0.003240
0.013592
0.031963
0.010515
0.001467
0.000000
0.003993
0.000000
0.000000
0.001214
0.000000
0.001233
0.013984
0.002705
0.001428
0.000000
0.000000
0.005774
0.000000
0.000788
0.000000
0.000000
0.000000
0.008448
0.006005
0.000000
0.000000
0.021546
0.054470
0.009408
0.004254
0.044268
0.003266
0.012786
0.018540
0.025954
0.000000
0.000000
0.000000
0.018375
0.000000
0.000000
0.000000
0.000000
0.000000
0.000000
0.000000
0.000000
0.000000
0.002508
0.000000
0.005895
0.000000
0.000000
0.000000
0.000000
0.000000
0.009266
0.000000
0.000000
0.005622
0.000000
0.000000
0.031653
0.029117
0.000000
0.000000
0.020055
0.000000
0.017689
0.000000
0.000000
0.000000
0.000000
0.000000
0.000000
0.000000
0.000000
0.000000
0.000512
0.000000
0.000000
0.039318
0.000000
0.000000
0.000000
0.000000
0.000000
0.007598
0.000000
0.011757
0.000000
0.000000
0.000000
0.000000
0.000000
0.000000
0.000000
0.000500
0.000000
0.000000
0.000000
0.000000
0.011561
0.013247
0.000000
0.000763
0.000000
0.001833
0.000000
0.000000
0.000000
0.000000
0.016988
0.002611
0.007317
0.000000
0.019195
0.000000
0.003305
0.000000
0.000000
0.000000
0.000000
0.025517
0.000000
0.000000
0.000000
0.000000
0.000000
0.044830
0.000000
0.013231
0.000000
0.075361
0.002383
0.000816
0.000000
0.005065
0.012965
0.000000
0.000000
0.000000
0.000000
0.000000
0.000000
0.017189
0.012196
0.000000
0.000000
0.000000
0.000000
0.000000
0.027019
0.000000
0.000123
0.001300
0.008772
0.000000
0.000000
0.000000
0.002974
0.000000
0.000000
0.000000
0.000000
0.000000
0.000000
0.000000
0.000000
0.000000
0.000000
0.005194
0.000000
0.000000
0.000000
0.000000
0.000000
0.012832
0.000000
0.000000
0.000000
0.000000
0.000524
0.000000
0.000000
0.000000
0.000000
0.017296
0.000000
0.000000
0.000000
0.007439
0.000000
0.000000
0.000000
0.000000
0.000000
0.000000
0.011841
0.000000
0.000000
0.000000
0.000000
0.000000
0.000000
0.000000
0.009744
0.000000
0.023520
0.000000
0.006543
0.000000
0.014063
0.000000
0.000000
0.000000
0.000000
0.000000
0.000000
0.000000
0.000000
0.000000
0.000000
0.000689
0.000000
0.002822
0.000000
0.000000
0.000000
0.025897
0.000000
0.001981
0.000000
0.000000
0.020453
0.000000
0.000000
0.000000
0.000000
0.000000
0.000000
0.000000
0.014632
0.000000
0.004213
0.000000
0.000000
0.000000
0.000000
0.000000
0.000000
0.006028
0.000000
0.010656
0.000000
0.005113
0.018171
0.000000
0.000000
0.000000
0.000000
0.012154
0.000000
0.004015
0.000000
0.010858
0.029184
0.000000
0.000515
0.000000
0.010568
0.000000
0.000020
0.000000
0.020688
0.000000
0.006994
0.000000
0.000000
0.000000
0.000000
0.000000
0.000000
0.000000
0.000000
0.000000
0.000000
0.000000
0.000000
0.000000
0.000000
0.014015
0.004486
0.000000
0.000000
0.000000
0.027163
0.000000
0.000732
0.000000
0.003497
0.000000
0.019287
0.000000
0.000000
0.012431
0.000000
0.000999
0.000000
0.005332
0.000000
0.000335
0.000000
0.000000
0.000000
0.000000
0.000000
0.006953
0.024418
0.004629
0.000000
0.000000
0.000000
0.002070
0.000281
0.000000
0.000000
0.004686
0.000000
0.000000
0.000000
0.000000
0.000000
0.024589
0.000000
0.013490
0.024461
0.002964
0.000000
0.000000
0.001774
0.000000
0.000000
0.000000
0.000000
0.000000
0.000000
0.000000
0.000000
0.000000
0.000000
0.003648
0.000000
0.005215
0.000000
0.000000
0.000000
0.000000
0.011983
0.004224
0.000000
0.000000
0.000000
0.000000
0.000000
0.000000
0.000000
0.000000
0.000000
0.004561
0.000000
0.000000
0.019708
0.000000
0.005829
0.042688
0.007442
0.055039
0.000000
0.007304
0.013360
0.000000
0.022257
0.005928
0.000000
0.004413
0.000000
0.000000
0.000000
0.015409
0.022720
0.000000
0.000000
0.000000
0.000000
0.000000
0.002493
0.022318
0.000000
0.015312
0.035656
0.004419
0.004569
0.002132
0.000000
0.000000
0.000000
0.000000
0.000000
0.000000
0.000000
0.000000
0.000000
0.002207
0.027363
0.000000
0.003376
0.000000
0.005093
0.000000
0.023831
0.000000
0.003098
0.063989
0.055615
0.051461
0.000093
0.002652
0.001046
