0.006026
0.007142
0.002317
0.001288
0.001288
0.008828
0.007648
0.002593
0.000066
0.005302
0.000334
0.000607
0.000607
0.024099
0.024099
0.009828
0.009828
0.010879
0.010879
0.005585
0.005585
0.006628
0.008347
0.003093
0.033426
0.018122
0.004449
0.004449
0.047327
0.005482
0.005085
0.020779
0.024025
0.024025
0.038687
0.002507
0.001640
0.001310
0.008430
0.000611
0.025649
0.020105
0.038822
0.013812
0.011504
0.011504
0.025510
0.007100
0.008427
0.000539
0.000539
0.005398
0.006212
0.006960
0.000477
0.006013
0.038502
0.004240
0.001877
0.003562
0.003562
0.002233
0.002233
0.008574
0.002266
0.003533
0.052455
0.046992
0.013050
0.009696
0.009696
0.009501
0.006234
0.025764
0.001109
0.011070
0.005631
0.005631
0.000827
0.006222
0.018748
0.018748
0.020145
0.020145
0.008270
0.008270
0.026169
0.012297
0.024604
0.003849
0.006137
0.006137
0.002243
0.008707
0.009494
0.014138
0.004019
0.010096
0.023709
0.001496
0.000230
0.002005
0.002005
0.013659
0.006334
0.011107
0.038728
0.004650
0.056583
0.056583
0.007716
0.007716
0.002275
0.002275
0.014619
0.014619
0.008278
0.026576
0.029609
0.008971
0.030847
0.026726
0.017208
0.006283
0.001624
0.013461
0.013286
0.000847
0.000153
0.000153
0.002977
0.004647
0.040157
0.027604
0.040586
0.010434
0.004139
0.004139
0.003821
0.029647
0.029647
0.033612
0.032168
0.039732
0.032837
0.032837
0.006186
0.018933
0.021325
0.022713
0.021534
0.034705
0.038218
0.038218
0.008051
0.003805
0.004800
0.004800
0.007239
0.007239
0.001112
0.007256
0.027774
0.009949
0.004330
0.004330
0.000642
0.000642
0.008539
0.000726
0.005203
0.005203
0.023745
0.023745
0.020360
0.028691
0.002856
0.001395
0.001395
0.021593
0.018633
0.018633
0.009104
0.009104
0.023565
0.008872
0.008872
0.007942
0.005582
0.005582
0.006968
0.005491
0.000905
0.026517
0.013203
0.013203
0.052764
0.010620
0.014196
0.031743
0.006755
0.006755
0.009518
0.007197
0.018836
0.018836
0.022669
0.022669
0.016434
0.018212
0.018212
0.022189
0.042302
0.008666
0.008666
0.002131
0.002131
0.004749
0.004749
0.068776
0.016113
0.029977
0.024120
0.002500
0.006971
0.033882
0.017519
0.001615
0.035816
0.035816
0.031370
0.017682
0.010657
0.003561
0.002872
0.039266
0.039266
0.055943
0.021113
0.000428
0.003634
0.002956
0.062661
0.048197
0.040293
0.001322
0.010873
0.010926
0.003894
0.005604
0.001137
0.007674
0.048386
0.002199
0.002113
0.008202
0.008202
0.011257
0.011257
0.015520
0.015520
0.015589
0.002266
0.003274
0.006719
0.006831
0.019139
0.019139
0.046233
0.037367
0.039202
0.000530
0.000530
0.016932
0.016932
0.006578
0.030718
0.038421
0.052578
0.039749
0.038208
0.046398
0.023867
0.028904
0.012266
0.012853
0.010693
0.010959
0.010959
0.008145
0.018504
0.004923
0.000019
0.001028
0.007704
0.000642
0.002178
0.008885
0.011878
0.001334
0.001142
0.011858
0.027664
0.021286
0.039915
0.034663
0.001587
0.001587
0.007944
0.000087
0.020659
0.017427
0.007605
0.012655
0.012655
0.020962
0.094120
0.094120
0.102261
0.023686
0.006663
0.022298
0.003995
0.002077
0.007627
0.005630
0.000841
0.001696
0.002410
0.030179
0.027055
0.001541
0.016328
0.001515
0.006921
0.010533
0.011147
0.006711
0.002511
0.000041
0.008189
0.015292
0.015292
0.019232
0.020251
0.013424
0.001611
0.001611
0.004889
0.004891
0.004891
0.003831
0.004751
0.009214
0.004167
0.000090
0.008455
0.027043
0.027181
0.005430
0.001841
0.013154
0.013952
0.002435
0.000125
0.007855
0.015468
0.000777
0.045035
0.032617
0.000113
0.000113
0.000343
0.009663
0.030197
0.007582
0.011802
0.009427
0.009420
0.006590
0.006590
0.013621
0.009773
0.007182
0.007182
0.040477
0.040994
0.004935
0.004935
0.011223
0.011223
0.006582
0.011284
0.005956
0.032116
0.001727
0.001727
0.012131
0.010048
0.016115
0.005887
0.016501
0.001122
0.008843
0.027356
0.018025
0.011149
0.013813
0.015118
0.002643
0.022051
0.013378
0.013795
0.002630
0.006084
0.011591
0.002145
0.008842
0.012190
0.002386
0.007174
0.000725
0.006554
0.035348
0.002950
0.005766
0.005766
0.007290
0.005108
0.000283
0.012608
0.011769
0.035609
0.002222
0.002222
0.009319
0.013699
0.003850
0.011410
0.002882
0.002882
0.017670
0.018906
0.010236
0.005153
0.066602
0.062937
0.058470
0.006043
0.006043
0.019691
0.003402
0.002316
0.013858
0.006621
0.002980
0.010602
0.009220
0.051928
0.036990
0.006437
0.009256
0.009077
0.006168
0.006168
0.001329
0.012755
0.017691
0.016969
0.004065
0.007759
0.020707
0.014182
0.026101
0.013440
0.003162
0.002460
0.000780
0.017602
0.055168
0.044632
0.003273
0.001691
0.001691
0.021188
0.037390
0.023322
0.016737
0.015573
0.009399
0.000850
0.002086
0.005019
0.011474
0.012355
0.005597
0.009055
0.023202
0.006894
0.037442
0.007279
0.028416
0.015878
0.014353
0.023641
0.023641
0.056987
0.044378
0.002833
0.002418
0.002418
0.020107
0.020107
0.026303
0.005837
0.028416
0.000310
0.000956
0.003131
0.013730
0.000070
0.000432
0.002088
0.012002
0.004797
0.005533
0.004066
0.004066
0.002546
0.002546
0.021921
0.021921
0.006999
0.012791
0.003379
0.003379
0.020326
0.015796
0.004020
0.006236
0.026706
0.010818
0.011433
0.009137
0.005921
0.003713
0.004860
0.062483
0.062483
0.061181
0.070446
0.008867
0.008867
0.004781
0.004781
0.010558
0.004031
0.009216
0.003836
0.002728
0.002728
0.006187
0.012127
0.002627
0.009942
0.011005
0.010699
0.002516
0.031263
0.008610
0.030936
0.022691
0.000157
0.010499
0.053661
0.048300
0.030000
0.009559
0.001713
0.001713
0.015463
0.013659
0.002782
0.003421
0.019765
0.017353
0.002644
0.005835
0.053210
0.047880
0.019969
0.019969
0.007789
0.013581
0.011423
0.021475
0.021475
0.030547
0.033944
0.040547
0.031030
0.008917
0.002565
0.009246
0.009246
0.001284
0.001284
0.006714
0.006714
0.010650
0.044017
0.013551
0.003376
0.007801
0.013305
0.017444
0.012033
0.034772
0.000845
0.037295
0.036806
0.005028
0.013409
0.013112
0.026068
0.006862
0.006862
0.015970
0.014548
0.004813
0.004813
0.007446
0.012995
0.002533
0.000279
0.008213
0.008213
0.020991
0.011009
0.012494
0.012494
0.028905
0.001843
0.001843
0.014326
0.015841
0.002352
0.010357
0.022627
0.006221
0.039537
0.007244
0.007244
0.009685
0.007444
0.003969
0.004450
0.005356
0.005356
0.005061
0.023940
0.000020
0.005111
0.000494
0.045251
0.045251
0.043516
0.040466
0.033994
0.029371
0.029371
0.024476
0.004491
0.019110
0.019110
0.052577
0.059520
0.061193
0.040376
0.046852
0.015573
0.030982
0.030982
0.014740
0.011519
0.013961
0.012010
0.012010
0.024004
0.004770
0.002388
0.001962
0.004571
0.000010
0.006929
0.018953
0.023968
0.023968
0.023790
0.027548
0.032138
0.030234
0.028389
0.043824
0.029032
0.048771
0.023039
0.007068
0.041898
0.041898
0.069507
0.016580
0.002479
0.016887
0.012652
0.005799
0.013734
0.013734
0.039266
0.004830
0.003077
0.000845
0.006999
0.051638
0.000575
0.006690
0.001067
0.001067
0.022139
0.001740
0.004653
0.014870
0.005903
0.005903
0.011392
0.011753
0.009365
0.002214
0.008732
0.010133
0.020648
0.023791
0.023791
0.015237
0.008672
0.016627
0.048511
0.012312
0.012312
0.021760
0.008361
0.000438
0.021234
0.021234
0.002816
0.002816
0.007400
0.006181
0.025558
0.001954
0.009072
0.019745
0.001588
0.001588
0.005342
0.038662
0.031486
0.068770
0.014407
0.011498
0.003787
0.002116
0.010898
0.001170
0.004459
0.004079
0.030751
0.007613
0.001667
0.005042
0.003224
0.006967
0.009119
0.003791
0.029930
0.008505
0.006590
0.005088
0.002202
0.009019
0.014206
0.009418
0.002689
0.009923
0.014948
0.001792
0.001862
0.002743
0.002743
0.030654
0.001582
0.002121
0.025200
0.019883
0.004337
0.014625
0.007641
0.031816
0.031816
0.016227
0.016227
0.008809
0.013733
0.000488
0.003265
0.000436
0.001839
0.008986
0.023296
0.007588
0.002640
0.013572
0.022702
0.000811
0.022958
0.008143
0.008143
0.009438
0.009438
0.005151
0.018259
0.022476
0.022476
0.055553
0.037514
0.013683
0.010150
0.005346
0.001092
0.005776
0.005776
0.008034
0.012713
0.004325
0.005178
0.016327
0.008086
0.007071
0.004598
0.006219
0.002598
0.009098
0.009570
0.010154
0.009244
0.001747
0.001024
0.004428
0.004428
0.020417
0.014511
0.004877
0.001178
0.001178
0.051015
0.011444
0.002320
0.010745
0.017975
0.016483
0.018639
0.015607
0.005212
0.001824
0.032557
0.035583
0.019177
0.019177
0.016728
0.009498
0.037736
0.031056
0.023129
0.044900
0.046991
0.055682
0.069844
0.037511
0.043793
0.001667
0.000430
0.001465
0.005569
0.002206
0.016604
0.009303
0.001453
0.000910
0.007101
0.043261
0.030249
0.017282
0.004364
0.000337
0.008851
0.020444
0.010143
0.000412
0.013341
0.013341
0.006710
0.008134
0.002782
0.027855
0.010203
0.004762
0.026448
0.011237
0.012741
0.000042
0.000042
0.010738
0.010738
0.001385
0.002633
0.002728
0.007862
0.000461
0.000199
0.018307
0.007952
0.029376
0.029376
0.000118
0.004997
0.027924
0.006209
0.004690
0.005456
0.001972
0.013372
0.013372
0.003613
0.005883
0.029894
0.017312
0.011758
0.002503
0.002731
0.009818
0.008616
0.008616
0.000886
0.010958
0.027293
0.014781
0.007076
0.042246
0.029464
0.016759
0.004147
0.000626
0.017436
0.015324
0.013873
0.013873
0.001945
0.001945
0.004334
0.005833
0.011462
0.006010
0.000922
0.003048
0.013432
0.009476
0.001270
0.009826
0.006323
0.008232
0.003162
0.011089
0.012573
0.008972
0.007438
0.010773
0.004888
0.002687
0.020634
0.004218
0.015534
0.009870
0.005684
0.004079
0.006022
0.019387
0.019387
0.020950
0.002825
0.002825
0.006113
0.000836
0.005482
0.026017
0.000743
0.007921
0.004394
0.010096
0.013388
0.039367
0.021902
0.005298
0.012548
0.014713
0.012456
0.007898
0.007898
0.006277
0.007542
0.007542
0.006377
0.014987
0.046163
0.048818
0.047983
0.007490
0.007490
0.012695
0.003247
0.027593
0.023136
0.023136
0.016030
0.016030
0.016479
0.009719
0.013162
0.000541
0.006268
0.052263
0.033842
0.004344
0.004145
0.013510
0.006074
0.011892
0.003089
0.003089
0.018230
0.008594
0.008594
0.052796
0.030917
0.034056
0.019342
0.004794
0.003294
0.002541
0.002541
0.003339
0.000931
0.004838
0.004838
0.019546
0.019546
0.001867
0.006169
0.002962
0.017855
0.013595
0.013595
0.023191
0.023191
0.002953
0.004298
0.004298
0.015200
0.016738
0.009124
0.033256
0.009233
0.009140
0.045303
0.027194
0.001023
0.001023
0.017515
0.022180
0.022180
0.022672
0.031023
0.015828
0.015828
0.008925
0.011515
0.000236
0.014830
0.014830
0.074385
0.004931
0.002322
0.002322
0.010729
0.004522
0.012639
0.000212
0.019198
0.019198
0.008762
0.004325
0.001375
0.001375
0.012878
0.015980
0.004624
0.004624
0.015276
0.008669
0.013213
0.006671
0.011732
0.033358
0.033358
0.033195
0.033899
0.040972
0.018541
0.004350
0.020468
0.002600
0.026191
0.021965
0.009653
0.009653
0.013130
0.002217
0.001643
0.004046
0.009995
0.021028
0.033213
0.003640
0.001991
0.001991
0.005060
0.008919
0.000834
0.019914
0.016070
0.009582
0.005457
0.029295
0.015621
0.006908
0.013880
0.013880
0.011716
0.002549
0.012503
0.001783
0.001783
0.007464
0.007464
0.021287
0.006922
0.007718
0.002252
0.023166
0.010715
0.024970
0.000066
0.003640
0.007895
0.005615
0.000010
0.000010
0.001114
0.025760
0.007905
0.039704
0.030734
0.010383
0.011533
0.003715
0.020092
0.041521
0.041521
0.023546
0.023546
0.040559
0.040857
0.014136
0.014136
0.014464
0.001675
0.001675
0.002244
0.000602
0.020294
0.006255
0.001843
0.004091
0.007272
0.001802
0.022581
0.020522
0.004751
0.012772
0.012347
0.051858
0.033183
0.002598
0.009955
0.013488
0.000239
0.002376
0.025293
0.016753
0.009796
0.013574
0.013574
0.005548
0.001952
0.014785
0.024569
0.020721
0.051886
0.005068
0.001535
0.014787
0.001620
0.008335
0.021865
0.010743
0.010743
0.002121
0.028829
0.010635
0.012089
0.009071
0.019939
0.019939
0.005822
0.005853
0.002947
0.019262
0.015929
0.008858
0.011046
0.016321
0.016321
0.000390
0.019909
0.008749
0.023769
0.014305
0.019196
0.009902
0.003117
0.006381
0.006653
0.026302
0.018598
0.006808
0.006808
0.007190
0.020036
0.010337
0.036209
0.007822
0.015121
0.011663
0.006251
0.003629
0.010145
0.000873
0.006425
0.004242
0.006934
0.000258
0.000258
0.002743
0.002743
0.027747
0.027747
0.001114
0.005387
0.005071
0.023710
0.001295
0.035357
0.017823
0.001179
0.015169
0.006532
0.001548
0.000458
0.002287
0.014222
0.010610
0.004769
0.017553
0.000993
0.004490
0.006571
0.006571
0.030427
0.016690
0.004557
0.000751
0.011465
0.001008
0.000792
0.013906
0.008051
0.020618
0.010648
0.002322
0.024294
0.019234
0.030633
0.071521
0.003576
0.003576
0.000728
0.000728
0.025265
0.001613
0.043406
0.043406
0.007685
0.007685
0.013597
0.004674
0.023602
0.004179
0.004179
0.023398
0.007965
0.007233
0.000395
0.004073
0.006150
0.022067
0.008073
0.006278
0.001138
0.043274
0.002402
0.007529
0.007529
0.013394
0.046722
0.034080
0.046662
0.044396
0.035414
0.020671
0.020671
0.071062
0.065612
0.077393
0.043974
0.011360
0.005142
0.005142
0.018291
0.025435
0.002576
0.015319
0.015319
0.013967
0.010651
0.008903
0.010552
0.003764
0.003764
0.003364
0.010032
0.002591
0.000598
0.003687
0.003687
0.007150
0.008962
0.002036
0.004382
0.006848
0.025439
0.025439
0.014677
0.008509
0.001094
0.000027
0.003741
0.009499
0.025112
0.006479
0.012563
0.002233
0.002233
0.004883
0.011912
0.011912
0.015476
0.015476
0.000188
0.000188
0.017645
0.000764
0.005360
0.029035
0.027627
0.018769
0.019901
0.006022
0.001843
0.006008
0.000723
0.029091
0.025362
0.036218
0.024011
0.025210
0.003493
0.018081
0.003386
0.002819
0.004320
0.022300
0.031663
0.011354
0.007699
0.018150
0.001249
0.001249
0.016450
0.008893
0.007894
0.003232
0.002078
0.025357
0.022307
0.002428
0.010552
0.022262
0.024441
0.013752
0.004052
0.013359
0.007413
0.018650
0.012242
0.018427
0.000076
0.001280
0.009417
0.004447
0.000418
0.008752
0.016128
0.021242
0.005975
0.032385
0.029131
0.023626
0.017357
0.014318
0.005936
0.021506
0.009984
0.005230
0.029831
0.003040
0.003294
0.003294
0.001470
0.001470
0.003340
0.003340
0.002622
0.025936
0.002290
0.001805
0.004462
0.011184
0.023366
0.009937
0.029642
0.029642
0.020922
0.014138
0.026846
0.025382
0.009666
0.006646
0.012349
0.012349
0.014185
0.006678
0.014990
0.000239
0.017618
0.010028
0.005533
0.000177
0.013184
0.019140
0.022670
0.022670
0.057397
0.018108
0.046614
0.010254
0.010254
0.015061
0.015061
0.008705
0.017831
0.017831
0.012023
0.009529
0.012027
0.001804
0.031493
0.021343
0.019967
0.016108
0.026470
0.025077
0.004144
0.018524
0.004658
0.026072
0.011304
0.023619
0.071286
0.062977
0.040505
0.030614
0.022437
0.000845
0.004851
0.004851
0.010081
0.024734
0.024734
0.006343
0.000563
0.000563
0.007430
0.001984
0.007218
0.003091
0.003091
0.002316
0.000545
0.005027
0.005027
0.012121
0.012121
0.026138
0.015240
0.015240
0.076462
0.008149
0.008149
0.000651
0.000651
0.001570
0.005318
0.004794
0.049362
0.049362
0.011012
0.028232
0.021107
0.017112
0.006562
0.007592
0.007592
0.003365
0.003365
0.018953
0.010146
0.005337
0.008188
0.015771
0.024279
0.008695
0.011382
0.011382
0.005801
0.011513
0.001408
0.002809
0.002809
0.025356
0.002649
0.005002
0.003760
0.003760
0.002871
0.002871
0.031223
0.012522
0.002129
0.025529
0.013952
0.000496
0.000496
0.028857
0.030643
0.011906
0.006199
0.040696
0.002364
0.005995
0.000468
0.008364
0.056823
0.018269
0.013295
0.013101
0.030227
0.004936
0.001557
0.012045
0.010482
0.015446
0.013820
0.013910
0.013910
0.017103
0.024758
0.025568
0.018234
0.002848
0.081994
0.067674
0.057841
0.005154
0.006174
0.004418
0.004076
0.057968
0.050777
0.015544
0.003575
0.003196
0.010376
0.000537
0.002426
0.014236
0.014236
0.022103
0.010104
0.024769
0.002531
0.005200
0.006228
0.004311
0.003082
0.014474
0.002006
0.015781
0.042916
0.000494
0.005632
0.003929
0.003929
0.004016
0.001257
0.001335
0.017149
0.010455
0.014361
0.074643
0.074638
0.097368
0.097800
0.114277
0.110125
0.101393
0.005041
0.005041
0.026083
0.054674
0.047200
0.042923
0.006984
0.006984
0.004299
0.009452
0.010373
0.011725
0.010744
0.050576
0.037537
0.052818
0.061706
0.055029
0.062356
0.075789
0.073245
0.058242
0.056553
0.008309
0.008309
0.017939
0.041901
0.004164
0.010992
0.004643
0.002910
0.019465
0.005644
0.000996
0.000996
0.007402
0.004171
0.023028
0.003667
0.037871
0.006848
0.042208
0.037659
0.005734
0.020807
0.002259
0.014854
0.014398
0.023399
0.031812
0.021512
0.018667
0.005771
0.015598
0.032635
0.016327
0.001669
0.001669
0.005029
0.004516
0.022774
0.004471
0.003759
0.000302
0.005917
0.008831
0.027624
0.005440
0.005504
0.005332
0.004414
0.000389
0.008826
0.017981
0.000230
0.003516
0.004578
0.012550
0.000531
0.009898
0.003916
0.025899
0.047700
0.001928
0.001928
0.000606
0.019143
0.019143
0.011630
0.001899
0.000762
0.002638
0.002638
0.017087
0.019177
0.000000
0.035350
0.012949
0.006442
0.011783
0.011783
0.016618
0.016462
0.019698
0.001909
0.015524
0.015524
0.073650
0.076066
0.063262
0.020733
0.031268
0.005918
0.006789
0.003723
0.003486
0.001918
0.013585
0.013585
0.002832
0.000166
0.002180
0.002180
0.011648
0.000873
0.037239
0.001150
0.001150
0.001567
0.001567
0.000037
0.006870
0.008933
0.003732
0.038292
0.001611
0.020054
0.003206
0.002279
0.041525
0.013640
0.001987
0.011347
0.005589
0.019740
0.009136
0.042377
0.032488
0.001193
0.005668
0.005742
0.033001
0.003714
0.000211
0.019689
0.001300
0.007596
0.023182
0.013866
0.037774
0.029274
0.000366
0.020689
0.034897
0.037085
0.033589
0.002982
0.012181
0.021804
0.018190
0.023536
0.024791
0.047172
0.020635
0.011027
0.000812
0.025867
0.014092
0.002681
0.000950
0.015125
0.010048
0.078893
0.027845
0.002187
0.010543
0.010543
0.022979
0.001206
0.051497
0.023991
0.013310
0.003808
0.022525
0.036799
0.012340
0.027570
0.027578
0.027578
0.053235
0.037542
0.016909
0.007939
0.001997
0.013297
0.009836
0.015324
0.015324
0.007747
0.008523
0.028984
0.007223
0.013100
0.008819
0.013453
0.015028
0.015028
0.013779
0.010029
0.014773
0.005792
0.009999
0.042455
0.042455
0.020086
0.018029
0.003094
0.001414
0.001414
0.000611
0.000611
0.002755
0.017137
0.014911
0.002687
0.009121
0.001555
0.027970
0.010619
0.001689
0.001689
0.007263
0.037525
0.033499
0.036331
0.025896
0.004447
0.004447
0.014202
0.017344
0.033668
0.051172
0.052173
0.005381
0.005381
0.003064
0.011665
0.050563
0.050563
0.018061
0.018061
0.006995
0.042868
0.035012
0.030720
0.001721
0.006169
0.006169
0.010546
0.020500
0.015356
0.056914
0.056914
0.001859
0.003212
0.059333
0.000768
0.006399
0.016941
0.016941
0.006438
0.019675
0.001796
0.013790
0.020387
0.020884
0.012533
0.008455
0.003619
0.001103
0.001103
0.015281
0.014922
0.010829
0.004278
0.024386
0.002447
0.010768
0.025017
0.003938
0.055100
0.001061
0.046024
0.001546
0.000520
0.008680
0.014330
0.011073
0.006094
0.000334
0.014467
0.026178
0.018773
0.013045
0.012290
0.006858
0.001612
0.001612
0.025182
0.003871
0.020018
0.006250
0.002407
0.008913
0.008913
0.004582
0.004582
0.003202
0.025860
0.015222
0.006092
0.007280
0.002431
0.001146
0.034132
0.034132
0.008913
0.008913
0.022932
0.013991
0.032991
0.008545
0.015187
0.015187
0.007326
0.007326
0.000230
0.001244
0.006472
0.010625
0.019990
0.012582
0.012283
0.002830
0.012376
0.006761
0.012508
0.005610
0.008139
0.011987
0.006251
0.006251
0.004865
0.012702
0.032657
0.023697
0.010455
0.010455
0.001920
0.008414
0.013406
0.011975
0.004587
0.000016
0.003482
0.007419
0.007419
0.039254
0.003805
0.002396
0.021766
0.024353
0.024353
0.021742
0.053487
0.019665
0.019665
0.002020
0.044224
0.044224
0.002158
0.000491
0.002931
0.001677
0.031544
0.031544
0.024619
0.028054
0.053111
0.005189
0.008987
0.000239
0.008635
0.021619
0.007390
0.007390
0.012378
0.012378
0.006799
0.003441
0.062286
0.019681
0.021365
0.018813
0.004405
0.018933
0.000097
0.000097
0.001078
0.001078
0.024634
0.024634
0.034824
0.013233
0.050258
0.003053
0.004426
0.004426
0.005378
0.005378
0.012698
0.029649
0.024178
0.039507
0.039507
0.019755
0.001971
0.016296
0.000742
0.019481
0.007793
0.002883
0.002883
0.017535
0.001495
0.027563
0.004889
0.034061
0.028113
0.041877
0.055795
0.047313
0.009674
0.009674
0.009575
0.009575
0.006389
0.060170
0.007533
0.007533
0.000771
0.000771
0.006680
0.010118
0.011564
0.012334
0.005316
0.005270
0.005270
0.003150
0.011571
0.001700
0.004989
0.022164
0.001120
0.012963
0.014932
0.005844
0.042334
0.026675
0.027275
0.045292
0.004780
0.008572
0.001566
0.001566
0.004990
0.001491
0.001491
0.011957
0.003650
0.047404
0.008317
0.015756
0.000362
0.016036
0.001040
0.001040
0.032860
0.018494
0.046271
0.060050
0.031695
0.030687
0.023750
0.006079
0.003437
0.027589
0.022967
0.022967
0.012820
0.009600
0.007328
0.022657
0.000362
0.012779
0.010984
0.005539
0.003004
0.003004
0.008323
0.020335
0.007363
0.007363
0.005551
0.022830
0.003129
0.008026
0.004537
0.010531
0.002266
0.025541
0.015938
0.009921
0.015689
0.005563
0.000106
0.012997
0.000752
0.000752
0.014524
0.014524
0.012821
0.012821
0.011632
0.012668
0.017880
0.002804
0.002804
0.023049
0.020268
0.020268
0.018735
0.019673
0.013067
0.007169
0.019095
0.018342
0.018342
0.008577
0.008577
0.027609
0.000512
0.017587
0.017587
0.003125
0.020213
0.021304
0.014841
0.020545
0.011019
0.011019
0.003676
0.003393
0.003393
0.013478
0.008612
0.012173
0.027955
0.027955
0.015435
0.003168
0.018932
0.013705
0.046000
0.024156
0.014849
0.003176
0.008458
0.026101
0.022260
0.003918
0.001920
0.030924
0.002990
0.000441
0.004339
0.007426
0.000616
0.003712
0.001443
0.005232
0.000914
0.005296
0.007188
0.009064
0.009064
0.004648
0.003215
0.021089
0.021089
0.055010
0.059223
0.024844
0.013394
0.017200
0.012972
0.010967
0.036190
0.011415
0.011415
0.002060
0.001325
0.003360
0.008899
0.034045
0.000284
0.000284
0.002050
0.002050
0.002620
0.000257
0.000257
0.030427
0.018455
0.016395
0.000041
0.007338
0.012596
0.020992
0.020992
0.014143
0.010437
0.004456
0.015225
0.009341
0.004737
0.021128
0.016275
0.015084
0.013228
0.011775
0.019180
0.014142
0.003299
0.003299
0.009698
0.016678
0.011758
0.020358
0.013795
0.013795
0.002540
0.001017
0.001017
0.029406
0.029406
0.028993
0.066966
0.073605
0.098437
0.016168
0.026001
0.011255
0.004902
0.026233
0.020665
0.002138
0.009423
0.009423
0.020430
0.045892
0.011549
0.011549
0.004124
0.004625
0.004625
0.037012
0.001209
0.000238
0.000238
0.009521
0.009521
0.021643
0.015273
0.000317
0.000317
0.005103
0.015868
0.015868
0.016580
0.011422
0.050651
0.008788
0.002574
0.010614
0.010614
0.006384
0.010686
0.023611
0.017829
0.026916
0.000243
0.002189
0.019515
0.004372
0.013473
0.004494
0.025979
0.007658
0.004711
0.001350
0.019401
0.019401
0.017519
0.017519
0.016077
0.016077
0.044221
0.044221
0.024461
0.003709
0.020897
0.010318
0.000814
0.004828
0.005483
0.005145
0.004227
0.008602
0.006439
0.034728
0.034261
0.034205
0.007884
0.009955
0.001101
0.001101
0.012352
0.014506
0.014379
0.012835
0.012041
0.033860
0.033546
0.020795
0.020795
0.020623
0.031955
0.020134
0.011334
0.018273
0.003491
0.003491
0.001279
0.013047
0.013047
0.012541
0.005240
0.026203
0.002492
0.002643
0.009095
0.006106
0.013717
0.012005
0.012113
0.000706
0.000706
0.027637
0.027637
0.010887
0.010887
0.005259
0.002721
0.001086
0.001086
0.014345
0.007429
0.009847
0.003399
0.009235
0.059119
0.014032
0.010165
0.001652
0.016533
0.004234
0.001626
0.001967
0.018703
0.015934
0.001193
0.007098
0.018931
0.019005
0.013765
0.045039
0.041853
0.003077
0.023672
0.011595
0.005729
0.016344
0.049997
0.005564
0.001475
0.001475
0.008353
0.008353
0.008510
0.019530
0.022656
0.008001
0.007251
0.006097
0.005481
0.013330
0.016821
0.007362
0.014044
0.009499
0.002162
0.002214
0.009823
0.009472
0.008643
0.037122
0.019967
0.032867
0.004634
0.004634
0.007485
0.014638
0.017398
0.017398
0.026038
0.023789
0.004562
0.004562
0.002582
0.016199
0.005790
0.005596
0.004786
0.004786
0.001348
0.001348
0.000928
0.000928
0.000113
0.000970
0.005709
0.009387
0.025390
0.007707
0.035535
0.008886
0.010755
0.026831
0.007430
0.014449
0.014449
0.020259
0.020259
0.034547
0.029593
0.026833
0.009168
0.027983
0.011282
0.009534
0.023836
0.004571
0.002399
0.004301
0.002408
0.007059
0.000146
0.002578
0.000175
0.006508
0.004643
0.002927
0.007714
0.003729
0.002162
0.079379
0.003803
0.013358
0.002953
0.027446
0.011583
0.012568
0.024211
0.006985
0.025126
0.020709
0.003844
0.003844
0.004444
0.003921
0.013776
0.013776
0.009586
0.010609
0.003713
0.003713
0.000638
0.017541
0.001008
0.014125
0.005668
0.001243
0.004226
0.025422
0.006324
0.046448
0.002133
0.002184
0.002184
0.000746
0.002662
0.002662
0.008589
0.017409
0.016807
0.016807
0.001650
0.005536
0.007909
0.000176
0.005139
0.014540
0.001196
0.005577
0.005161
0.019521
0.014914
0.000885
0.001884
0.001884
0.001097
0.008406
0.002500
0.014301
0.007644
0.011816
0.010015
0.020398
0.025110
0.038815
0.033773
0.040561
0.017761
0.003496
0.012679
0.012371
0.000429
0.009917
0.050623
0.012076
0.040199
0.040076
0.039869
0.047730
0.035507
0.033535
0.030695
0.023918
0.002307
0.005180
0.009146
0.009146
0.009920
0.011507
0.006314
0.041604
0.026385
0.011971
0.017685
0.015292
0.005719
0.000210
0.000210
0.011786
0.000289
0.012856
0.013094
0.001500
0.022574
0.070625
0.007653
0.018860
0.010043
0.004527
0.023967
0.022836
0.026056
0.031426
0.019557
0.004025
0.004025
0.024209
0.024209
0.001424
0.001424
0.011961
0.011961
0.005686
0.022133
0.014610
0.013764
0.020232
0.017988
0.019776
0.006200
0.030845
0.044740
0.011321
0.021815
0.011173
0.001553
0.006036
0.003535
0.000392
0.043252
0.042206
0.008249
0.001293
0.003454
0.010387
0.002999
0.002795
0.002795
0.027881
0.020858
0.022623
0.015666
0.017826
0.001719
0.001719
0.029481
0.026635
0.026826
0.001281
0.006651
0.011435
0.011435
0.038235
0.035469
0.031629
0.032666
0.032666
0.032368
0.011388
0.001113
0.010928
0.019183
0.007738
0.015430
0.001318
0.003098
0.006737
0.009280
0.006267
0.013106
0.005361
0.003539
0.005209
0.021819
0.027115
0.027076
0.025219
0.000982
0.006130
0.012958
0.006052
0.006052
0.009002
0.012376
0.002045
0.003590
0.001875
0.011110
0.005509
0.005948
0.017548
0.001572
0.031559
0.006996
0.007620
0.007583
0.015160
0.015160
0.015300
0.010118
0.010118
0.008609
0.017274
0.000170
0.005208
0.001992
0.007969
0.002729
0.007584
0.012072
0.017291
0.011687
0.039285
0.024387
0.013786
0.000372
0.000372
0.025421
0.018835
0.018835
0.007347
0.014151
0.014813
0.014813
0.007279
0.004712
0.004712
0.003446
0.023257
0.023257
0.033347
0.042577
0.041039
0.026208
0.026208
0.010276
0.002495
0.000528
0.012072
0.005269
0.008412
0.008412
0.029625
0.004834
0.004834
0.003005
0.004489
0.005612
0.005612
0.057014
0.000906
0.000906
0.007532
0.007532
0.008223
0.000761
0.000203
0.010401
0.003499
0.003499
0.001164
0.001373
0.021710
0.003905
0.012431
0.012431
0.011571
0.002959
0.002959
0.001173
0.000734
0.009595
0.015149
0.006203
0.000327
0.012573
0.010643
0.003330
0.003196
0.018761
0.012493
0.019995
0.001329
0.001329
0.012403
0.012403
0.002146
0.003028
0.025592
0.004271
0.028570
0.015477
0.025205
0.014386
0.014386
0.018857
0.008719
0.020333
0.020333
0.002220
0.002220
0.023874
0.001842
0.002102
0.014873
0.019009
0.006963
0.006607
0.006985
0.003309
0.003309
0.004489
0.003068
0.011153
0.010934
0.002569
0.025248
0.002087
0.006106
0.001905
0.001874
0.007333
0.005229
0.000732
0.003846
0.001005
0.001036
0.001036
0.047423
0.047423
0.049588
0.024024
0.010416
0.010416
0.061918
0.084580
0.086028
0.062380
0.028586
0.009932
0.009932
0.051291
0.074739
0.075536
0.080702
0.005279
0.007082
0.006241
0.009037
0.025988
0.007658
0.025883
0.001607
0.024488
0.000879
0.014112
0.014112
0.016201
0.010447
0.005377
0.076327
0.091480
0.090613
0.027905
0.008282
0.000389
0.000389
0.004086
0.004086
0.027093
0.013443
0.001422
0.015721
0.004935
0.009066
0.000550
0.004714
0.004714
0.025880
0.012914
0.005184
0.007873
0.026253
0.017978
0.029998
0.003449
0.002708
0.081871
0.003403
0.007315
0.005452
0.001176
0.001176
0.016547
0.016547
0.014303
0.034475
0.006186
0.001758
0.001758
0.007799
0.004769
0.016168
0.008651
0.007834
0.004436
0.011499
0.031603
0.001432
0.005727
0.005727
0.001041
0.001041
0.013687
0.013687
0.018709
0.024772
0.028140
0.007831
0.003633
0.004885
0.013898
0.013898
0.013123
0.025120
0.005305
0.004131
0.010719
0.010719
0.042556
0.025585
0.033350
0.045885
0.062269
0.004323
0.027699
0.027699
0.043360
0.047248
0.012972
0.012972
0.042980
0.034493
0.001535
0.007554
0.014299
0.014299
0.029503
0.029503
0.028155
0.027199
0.029867
0.000216
0.003182
0.003182
0.001904
0.001451
0.005148
0.005148
0.003258
0.014957
0.002537
0.003772
0.031539
0.002395
0.002395
0.000505
0.004894
0.011073
0.011770
0.005800
0.016717
0.001089
0.024891
0.007026
0.020674
0.005845
0.000403
0.023750
0.013651
0.017112
0.017112
0.009589
0.023510
0.023510
0.027238
0.055017
0.050441
0.070306
0.011931
0.026052
0.010897
0.021118
0.025244
0.034665
0.004643
0.004643
0.012756
0.008408
0.015716
0.015716
0.010832
0.010832
0.028587
0.004419
0.009752
0.010550
0.010550
0.001896
0.034797
0.005630
0.016466
0.001727
0.002555
0.002555
0.000293
0.000293
0.007381
0.002688
0.001995
0.001995
0.009558
0.009558
0.021262
0.020692
0.020389
0.009841
0.007742
0.004128
0.006576
0.032085
0.024373
0.022693
0.004532
0.004271
0.103508
0.085664
0.061623
0.066740
0.011010
0.015526
0.074184
0.066404
0.071644
0.062517
0.012008
0.003617
0.019789
0.039508
0.001414
0.026653
0.041991
0.000444
0.007803
0.007422
0.002379
0.002379
0.008915
0.007583
0.001878
0.017016
0.002891
0.009870
0.006752
0.011158
0.019293
0.005836
0.005348
0.005348
0.009547
0.005695
0.005695
0.001331
0.001331
0.002432
0.033684
0.000042
0.012363
0.016764
0.018815
0.016428
0.001740
0.010890
0.004812
0.002286
0.003156
0.002642
0.001816
0.001269
0.005623
0.004546
0.004253
0.013766
0.013766
0.004856
0.004856
0.027486
0.029342
0.029342
0.006766
0.006766
0.003930
0.000916
0.070350
0.035754
0.039509
0.004063
0.022328
0.001178
0.000616
0.008151
0.007274
0.005112
0.000556
0.003433
0.000631
0.001797
0.005592
0.039833
0.008818
0.006562
0.028239
0.024661
0.019641
0.008073
0.016050
0.000729
0.022317
0.008260
0.006618
0.001516
0.053297
0.022352
0.007503
0.007503
0.003820
0.003820
0.002528
0.003920
0.042799
0.024918
0.010948
0.000849
0.001921
0.000080
0.004464
0.004464
0.008395
0.005435
0.005435
0.012687
0.002566
0.031107
0.008233
0.010669
0.014368
0.003044
0.003044
0.002495
0.006312
0.017351
0.000328
0.009532
0.015183
0.015183
0.047147
0.047147
0.012334
0.012334
0.014197
0.003153
0.039501
0.010371
0.001887
0.002311
0.001476
0.001476
0.042193
0.042193
0.005683
0.005683
0.005315
0.001693
0.012868
0.015777
0.004862
0.012994
0.003264
0.010305
0.004470
0.004470
0.019883
0.010387
0.047220
0.045910
0.049442
0.016915
0.016838
0.027804
0.044527
0.025701
0.025701
0.036786
0.044491
0.031579
0.002782
0.002782
0.007527
0.007527
0.049147
0.049147
0.000056
0.019208
0.013823
0.037518
0.014247
0.009387
0.000609
0.009504
0.018209
0.020744
0.038933
0.007374
0.000953
0.007020
0.031168
0.031168
0.033363
0.013614
0.007278
0.005156
0.000825
0.005221
0.008030
0.018413
0.005556
0.003044
0.000045
0.007666
0.002906
0.017038
0.002172
0.002172
0.001662
0.006527
0.004817
0.003728
0.013834
0.001357
0.001976
0.001976
0.006654
0.006654
0.027179
0.036125
0.039864
0.016396
0.017187
0.010754
0.010754
0.001968
0.001968
0.027469
0.000421
0.000421
0.027901
0.027901
0.006080
0.006080
0.012248
0.001469
0.000560
0.003842
0.002690
0.018946
0.011816
0.015078
0.003159
0.003159
0.033944
0.033944
0.015986
0.012797
0.005379
0.005030
0.022948
0.000791
0.000791
0.003896
0.003896
0.007444
0.031149
0.005281
0.006217
0.010545
0.027860
0.023770
0.004838
0.028485
0.028485
0.029354
0.006317
0.044423
0.034947
0.015118
0.013057
0.007944
0.004708
0.013853
0.002472
0.000805
0.013924
0.013924
0.010208
0.035820
0.032760
0.000548
0.000493
0.007891
0.015689
0.001001
0.000344
0.000344
0.010771
0.000673
0.002753
0.001216
0.018771
0.022095
0.020529
0.018512
0.014633
0.013191
0.005526
0.015892
0.015892
0.003563
0.041378
0.010966
0.002408
0.003481
0.010858
0.038438
0.038438
0.042036
0.004724
0.004724
0.006914
0.013616
0.002143
0.045298
0.042469
0.007835
0.022636
0.000858
0.025463
0.012109
0.028338
0.019769
0.019769
0.000543
0.042899
0.042899
0.043458
0.038814
0.012080
0.012080
0.013002
0.013002
0.020628
0.021341
0.003761
0.009381
0.021694
0.016784
0.016645
0.003899
0.004921
0.033526
0.024475
0.021778
0.008812
0.011903
0.016586
0.011625
0.010204
0.028620
0.005786
0.005786
0.008063
0.012657
0.012657
0.009232
0.009232
0.021952
0.012530
0.011207
0.010163
0.012981
0.006696
0.005076
0.004700
0.020858
0.020660
0.015552
0.020878
0.000449
0.022411
0.022411
0.030382
0.007425
0.004224
0.004224
0.010124
0.010124
0.001050
0.003452
0.021397
0.010636
0.034445
0.039574
0.027567
0.002894
0.002894
0.010001
0.010001
0.002322
0.022045
0.007374
0.007374
0.009468
0.008809
0.001507
0.001507
0.011476
0.011476
0.011884
0.004149
0.006067
0.036862
0.025466
0.021591
0.029733
0.019030
0.016733
0.002631
0.003791
0.024677
0.020913
0.006430
0.005680
0.008166
0.053266
0.053266
0.062614
0.030607
0.024407
0.055956
0.055956
0.045197
0.053134
0.003407
0.003407
0.025137
0.025137
0.003879
0.000095
0.012930
0.020048
0.001043
0.025258
0.029359
0.000453
0.005409
0.019353
0.010346
0.004305
0.014306
0.003086
0.013859
0.013859
0.028444
0.018728
0.000196
0.001392
0.008459
0.000029
0.011086
0.008861
0.017542
0.038837
0.038837
0.039964
0.027866
0.004929
0.023715
0.000516
0.001566
0.008136
0.001596
0.008124
0.000772
0.004858
0.006240
0.007696
0.003127
0.002643
0.002054
0.000041
0.020056
0.000642
0.000642
0.002874
0.002874
0.001914
0.002204
0.031256
0.010435
0.009350
0.008118
0.001681
0.007612
0.011574
0.009128
0.014036
0.004242
0.003324
0.003324
0.036080
0.034053
0.001103
0.001103
0.009642
0.004085
0.022459
0.008559
0.007872
0.007872
0.023265
0.060684
0.060684
0.002566
0.035204
0.044282
0.032723
0.023882
0.006652
0.007069
0.006989
0.005965
0.005903
0.023158
0.011619
0.014608
0.005315
0.012749
0.012749
0.019817
0.036633
0.009270
0.008179
0.019947
0.009228
0.009146
0.022556
0.091001
0.057647
0.058645
0.040160
0.008574
0.008574
0.009915
0.035294
0.005575
0.014778
0.014778
0.004324
0.004324
0.009946
0.008419
0.000610
0.045275
0.016746
0.021456
0.010042
0.033305
0.033173
0.022280
0.012831
0.011990
0.019222
0.049254
0.049254
0.001012
0.001012
0.045947
0.045947
0.003505
0.003505
0.019137
0.003373
0.005284
0.035098
0.007655
0.017618
0.015706
0.008428
0.008784
0.011909
0.011909
0.005006
0.005006
0.002492
0.002492
0.009288
0.006805
0.020110
0.000267
0.032857
0.030135
0.019799
0.037298
0.003466
0.003466
0.019869
0.005099
0.005099
0.019933
0.010401
0.003041
0.003041
0.004975
0.004975
0.006827
0.006827
0.047840
0.047840
0.025952
0.001841
0.001823
0.010884
0.003880
0.005759
0.020976
0.020976
0.020411
0.001618
0.009369
0.000933
0.014434
0.007282
0.011720
0.008473
0.008119
0.007155
0.004737
0.043909
0.014400
0.048293
0.006945
0.004952
0.019378
0.019101
0.008917
0.011489
0.011489
0.006243
0.002085
0.006049
0.031479
0.000822
0.001415
0.000901
0.000901
0.001300
0.001300
0.001985
0.004953
0.012819
0.029274
0.013140
0.018278
0.017595
0.011998
0.029396
0.023193
0.004581
0.018779
0.014253
0.012831
0.006144
0.010378
0.007545
0.007723
0.006390
0.057822
0.057822
0.018360
0.008109
0.012069
0.007628
0.033252
0.027939
0.017675
0.010839
0.002910
0.000350
0.004393
0.009425
0.008925
0.004392
0.002556
0.007312
0.007312
0.013639
0.028508
0.012555
0.016021
0.008060
0.004164
0.004164
0.010962
0.010962
0.010305
0.012890
0.020573
0.000668
0.000613
0.021362
0.008237
0.009310
0.004354
0.006505
0.006249
0.011609
0.011892
0.010389
0.008775
0.019899
0.023123
0.020555
0.034002
0.032040
0.032040
0.037109
0.039004
0.029282
0.023198
0.044688
0.005381
0.063003
0.008434
0.034139
0.034139
0.014568
0.011464
0.011634
0.006864
0.006890
0.006890
0.010340
0.010340
0.020445
0.020445
0.009521
0.003371
0.002882
0.002882
0.019857
0.019857
0.012873
0.005473
0.018601
0.006168
0.016380
0.063265
0.040163
0.001717
0.041697
0.009402
0.001420
0.041438
0.021129
0.002417
0.003018
0.029767
0.011640
0.008138
0.006765
0.002805
0.007348
0.024400
0.001998
0.002243
0.013346
0.010997
0.008938
0.036065
0.012627
0.024665
0.023006
0.000268
0.007985
0.012821
0.011456
0.021967
0.021967
0.034767
0.018296
0.024334
0.018582
0.018105
0.004107
0.012946
0.005195
0.003350
0.005390
0.053107
0.017946
0.007287
0.019723
0.018492
0.009010
0.003472
0.002309
0.021775
0.007043
0.002195
0.001174
0.001153
0.016001
0.009683
0.016694
0.010541
0.019245
0.011017
0.007356
0.006320
0.005930
0.001955
0.005847
0.005661
0.003729
0.003927
0.004388
0.005383
0.007141
0.007748
0.024143
0.045062
0.022795
0.003649
0.004166
0.025287
0.013327
0.001661
0.023331
0.022115
0.001407
0.000867
0.007340
0.000796
0.005842
0.014424
0.017210
0.008388
0.003060
0.006067
0.005439
0.013338
0.017873
0.013487
0.001519
0.017128
0.007384
0.041152
0.017919
0.030017
0.011272
0.005981
0.034025
0.006184
0.003571
0.008477
0.017076
0.000476
0.009174
0.019137
0.014905
0.001058
0.001058
0.051559
0.044186
0.043039
0.017301
0.001795
0.001539
0.000482
0.000482
0.021031
0.013237
0.011214
0.014046
0.003057
0.003451
0.003451
0.032462
0.000856
0.002856
0.000375
0.034189
0.005280
0.013169
0.007378
0.048500
0.048500
0.025763
0.025763
0.005994
0.002461
0.002113
0.012106
0.002730
0.011274
0.011274
0.007412
0.007412
0.031653
0.031653
0.008393
0.001247
0.009327
0.004672
0.000879
0.000879
0.012538
0.012538
0.028213
0.028213
0.029364
0.005914
0.004307
0.002808
0.010972
0.014830
0.030050
0.019478
0.017770
0.007100
0.007100
0.001856
0.003944
0.006007
0.024060
0.014483
0.004307
0.009188
0.009188
0.007331
0.007331
0.021885
0.021885
0.011056
0.015170
0.025740
0.019991
0.000909
0.000909
0.011305
0.002567
0.000397
0.001389
0.005376
0.001413
0.017872
0.002851
0.005933
0.007068
0.002639
0.003684
0.003684
0.011891
0.011891
0.010839
0.005939
0.035505
0.003528
0.000636
0.019695
0.019695
0.005543
0.005543
0.002865
0.011040
0.014081
0.018710
0.011349
0.013390
0.011452
0.005446
0.003795
0.003795
0.014605
0.008429
0.008429
0.034542
0.067024
0.002527
0.002527
0.002618
0.005966
0.010749
0.000573
0.001012
0.001012
0.014189
0.014189
0.031115
0.006628
0.009645
0.009703
0.009703
0.009708
0.008422
0.057787
0.057787
0.057431
0.025974
0.055405
0.028419
0.008739
0.000939
0.011130
0.006585
0.002056
0.003173
0.048935
0.024840
0.024840
0.005895
0.000544
0.025629
0.023273
0.003201
0.017521
0.008414
0.002104
0.009189
0.016324
0.014622
0.014622
0.003569
0.003569
0.011975
0.011975
0.006462
0.010217
0.011225
0.009438
0.023430
0.007742
0.005998
0.012546
0.012546
0.008726
0.000907
0.002421
0.006945
0.045195
0.000028
0.003686
0.008979
0.018705
0.000568
0.004138
0.004306
0.004306
0.013120
0.002402
0.026787
0.015171
0.000555
0.000555
0.002645
0.002645
0.031175
0.010725
0.000850
0.030168
0.025650
0.025650
0.003835
0.025983
0.025983
0.064638
0.083346
0.050138
0.050138
0.013861
0.020968
0.024295
0.024295
0.028130
0.002739
0.002739
0.009447
0.010207
0.010267
0.004662
0.004662
0.007973
0.007968
0.007968
0.007275
0.008818
0.004410
0.003245
0.003245
0.001625
0.007740
0.007740
0.016873
0.003233
0.007426
0.001768
0.014426
0.000042
0.031471
0.031471
0.012846
0.008137
0.001196
0.003456
0.012355
0.011241
0.029890
0.001494
0.008650
0.007485
0.054181
0.045066
0.019388
0.019388
0.011509
0.000913
0.000084
0.006510
0.005888
0.011472
0.003147
0.033272
0.008326
0.001249
0.005790
0.005741
0.025797
0.011397
0.014445
0.019951
0.012018
0.009443
0.012167
0.008469
0.000197
0.005630
0.013167
0.013167
0.000026
0.003069
0.004232
0.018060
0.000003
0.001653
0.001653
0.017186
0.004605
0.027458
0.010246
0.000487
0.001436
0.001436
0.012728
0.012728
0.035867
0.036620
0.014932
0.005188
0.004302
0.014640
0.009153
0.029403
0.017667
0.006312
0.010514
0.010514
0.036581
0.001048
0.041839
0.004023
0.015348
0.013371
0.013371
0.007130
0.013058
0.017100
0.015871
0.012552
0.004260
0.000379
0.010851
0.005817
0.000687
0.006543
0.041466
0.028739
0.028560
0.023734
0.008598
0.013157
0.003249
0.009037
0.000359
0.009649
0.044777
0.011080
0.061236
0.017381
0.031182
0.031182
0.039970
0.003184
0.003184
0.017017
0.004648
0.002331
0.003201
0.001086
0.030386
0.030386
0.014206
0.014772
0.003238
0.003238
0.012881
0.012881
0.021376
0.020665
0.015579
0.002992
0.006219
0.007154
0.001142
0.011512
0.021787
0.009526
0.018640
0.015334
0.037742
0.000900
0.007534
0.025755
0.002204
0.001548
0.003499
0.006736
0.004493
0.000804
0.013349
0.012332
0.004621
0.016838
0.016838
0.019149
0.005184
0.002338
0.002560
0.010725
0.010725
0.009574
0.002946
0.004256
0.023041
0.007543
0.001929
0.018961
0.018685
0.005444
0.005444
0.008812
0.020092
0.019562
0.019939
0.019668
0.010904
0.005541
0.030137
0.015094
0.003464
0.000295
0.012265
0.012265
0.012962
0.007829
0.051203
0.013209
0.028738
0.001362
0.024765
0.024765
0.015137
0.015137
0.020587
0.013301
0.008341
0.001131
0.001131
0.003779
0.001386
0.001386
0.010260
0.010260
0.010818
0.000604
0.000920
0.000920
0.005711
0.002676
0.024199
0.024199
0.008140
0.010885
0.003127
0.001257
0.010898
0.012426
0.009796
0.003350
0.013198
0.009905
0.016789
0.056036
0.005343
0.002615
0.002615
0.004693
0.004693
0.009962
0.004917
0.001182
0.011958
0.007207
0.034904
0.014587
0.014386
0.029249
0.014017
0.011669
0.007981
0.007981
0.014439
0.014439
0.001389
0.001389
0.002143
0.006804
0.022854
0.003729
0.063236
0.034319
0.027673
0.012725
0.012725
0.011752
0.001600
0.003369
0.005115
0.027445
0.004640
0.024767
0.006014
0.009503
0.017704
0.017704
0.027343
0.006698
0.002943
0.009306
0.003801
0.023551
0.005811
0.022111
0.021944
0.011891
0.019158
0.002488
0.000334
0.009550
0.002698
0.032585
0.104040
0.095316
0.091665
0.014753
0.036295
0.009399
0.009399
0.043465
0.022845
0.012531
0.012531
0.028396
0.008418
0.025367
0.020178
0.055858
0.035955
0.051984
0.016497
0.021877
0.021877
0.005056
0.023123
0.016057
0.016858
0.028711
0.032105
0.000206
0.019386
0.004703
0.006220
0.001697
0.003326
0.003747
0.007500
0.005899
0.001844
0.019740
0.063545
0.063545
0.041573
0.012356
0.011571
0.005061
0.005061
0.021216
0.021216
0.016534
0.016534
0.000545
0.000545
0.005336
0.008351
0.019926
0.006292
0.006292
0.012974
0.012974
0.011100
0.011100
0.004147
0.004147
0.006634
0.009758
0.009836
0.001909
0.008120
0.002108
0.002108
0.018631
0.003717
0.022807
0.015800
0.017653
0.001058
0.014211
0.005285
0.039116
0.012574
0.000392
0.008371
0.001796
0.006588
0.003657
0.022506
0.022506
0.023138
0.023138
0.010132
0.010132
0.015912
0.016946
0.015108
0.002186
0.002821
0.018258
0.018258
0.030458
0.023103
0.012635
0.011046
0.014228
0.044430
0.015551
0.009387
0.017966
0.021565
0.000898
0.000242
0.008441
0.018571
0.003154
0.005880
0.003503
0.001166
0.005097
0.004614
0.003272
0.009072
0.000297
0.008571
0.018187
0.001787
0.028760
0.001131
0.001348
0.020918
0.007677
0.042066
0.029987
0.048989
0.052012
0.030648
0.038557
0.047751
0.036492
0.044942
0.002649
0.005009
0.005009
0.011504
0.011504
0.015102
0.003869
0.021524
0.021524
0.024765
0.000077
0.000077
0.002281
0.012125
0.004794
0.000887
0.000918
0.009137
0.008028
0.002423
0.019644
0.019644
0.001816
0.007272
0.024007
0.023551
0.023551
0.010603
0.002024
0.002024
0.024825
0.013428
0.033653
0.016551
0.014511
0.001301
0.014550
0.009178
0.026604
0.001137
0.018804
0.026998
0.004593
0.026829
0.009466
0.003407
0.013196
0.002265
0.015954
0.003712
0.002190
0.058390
0.056407
0.062950
0.033599
0.033599
0.033118
0.012825
0.007256
0.004171
0.016780
0.026434
0.012327
0.023540
0.015460
0.010192
0.003045
0.044445
0.032822
0.018190
0.006060
0.004601
0.004601
0.010526
0.004419
0.002339
0.013980
0.013980
0.027839
0.006953
0.006953
0.005241
0.004135
0.011682
0.011682
0.002598
0.001983
0.002653
0.021932
0.003451
0.001801
0.024052
0.001129
0.022318
0.003046
0.003046
0.016018
0.000063
0.012092
0.012092
0.009706
0.009706
0.008860
0.008860
0.017402
0.037138
0.022516
0.009896
0.049975
0.018973
0.009492
0.019369
0.034684
0.009623
0.019091
0.025021
0.001936
0.000999
0.002323
0.002323
0.007065
0.013232
0.000414
0.004784
0.004784
0.022060
0.022060
0.007198
0.000316
0.016030
0.013486
0.003783
0.055032
0.007242
0.007242
0.015367
0.007865
0.003866
0.036677
0.037136
0.032242
0.089500
0.036665
0.034036
0.000078
0.003030
0.003361
0.003361
0.016977
0.011967
0.013179
0.005245
0.018928
0.018928
0.038770
0.037143
0.028945
0.000156
0.000156
0.002697
0.015291
0.008361
0.005992
0.000758
0.002487
0.010063
0.010063
0.002568
0.025599
0.010116
0.005031
0.036419
0.036419
0.028057
0.020202
0.028840
0.028840
0.004946
0.022642
0.022642
0.013996
0.013996
0.005632
0.005632
0.004132
0.038201
0.038201
0.013244
0.000416
0.006421
0.001542
0.001052
0.007246
0.007246
0.009134
0.009134
0.030811
0.021390
0.007805
0.015031
0.009176
0.005378
0.002643
0.005522
0.006110
0.002677
0.002132
0.002132
0.052733
0.039968
0.006524
0.076363
0.029432
0.051472
0.029982
0.060193
0.014709
0.030234
0.007695
0.009979
0.027840
0.027840
0.001834
0.024623
0.005452
0.005901
0.000993
0.000928
0.016932
0.016932
0.002315
0.017065
0.036574
0.030183
0.076942
0.072805
0.007830
0.006692
0.021957
0.021957
0.002624
0.002624
0.006222
0.006222
0.015934
0.037083
0.002893
0.015176
0.005550
0.021722
0.021722
0.030860
0.049181
0.003540
0.011824
0.007046
0.002748
0.001750
0.000092
0.025341
0.017511
0.018145
0.079162
0.079162
0.085103
0.047205
0.013985
0.005065
0.031880
0.008166
0.008166
0.001513
0.000482
0.002802
0.024980
0.007995
0.008536
0.008536
0.013394
0.022116
0.026335
0.008203
0.001838
0.010282
0.010282
0.001517
0.036301
0.036301
0.031143
0.004528
0.014847
0.007148
0.005526
0.003173
0.001730
0.017734
0.017734
0.008333
0.007632
0.005632
0.000823
0.001566
0.001789
0.016839
0.003431
0.018926
0.009171
0.001307
0.031105
0.018897
0.030583
0.029533
0.025068
0.019865
0.007498
0.007498
0.002849
0.000150
0.025353
0.001366
0.020439
0.028661
0.028661
0.009351
0.007727
0.010567
0.004003
0.008884
0.008884
0.034878
0.034878
0.022471
0.015261
0.025270
0.026514
0.031841
0.025440
0.029246
0.014229
0.022337
0.020944
0.018797
0.017868
0.010378
0.009689
0.002171
0.001353
0.002488
0.002172
0.005061
0.010320
0.010320
0.002724
0.002724
0.000015
0.000015
0.002170
0.002799
0.018343
0.018343
0.035984
0.035984
0.013507
0.016434
0.006626
0.001002
0.001002
0.001865
0.010971
0.003731
0.004283
0.006761
0.004189
0.011932
0.011932
0.020120
0.017079
0.017079
0.012060
0.025363
0.005588
0.005308
0.022271
0.026087
0.008450
0.016916
0.001309
0.006353
0.018998
0.001337
0.010771
0.010040
0.001524
0.015905
0.015905
0.003359
0.023119
0.009752
0.000342
0.017092
0.017092
0.014378
0.024404
0.033981
0.000733
0.009843
0.009843
0.016622
0.037941
0.022691
0.055074
0.055074
0.034784
0.046040
0.045728
0.028324
0.006512
0.001522
0.010407
0.010407
0.004121
0.001820
0.004196
0.004196
0.005539
0.025256
0.018446
0.008257
0.028433
0.055584
0.043425
0.033587
0.063581
0.053234
0.057672
0.014394
0.004278
0.025258
0.011334
0.004998
0.003680
0.011437
0.004487
0.006684
0.018416
0.028454
0.007396
0.011569
0.011531
0.011531
0.013811
0.013811
0.003387
0.000510
0.001374
0.003843
0.013156
0.011300
0.004152
0.051967
0.027062
0.004712
0.012244
0.006186
0.006544
0.001758
0.013605
0.013605
0.021763
0.021763
0.001607
0.030097
0.005854
0.000693
0.039589
0.003797
0.037675
0.005341
0.009393
0.009393
0.008320
0.010128
0.006229
0.017059
0.024112
0.006967
0.025645
0.006039
0.002132
0.004190
0.002506
0.001235
0.001016
0.012155
0.000358
0.010643
0.002555
0.037573
0.009115
0.014275
0.016453
0.003829
0.070101
0.070101
0.074639
0.008418
0.008418
0.036230
0.004426
0.004718
0.013436
0.001635
0.020615
0.015352
0.012407
0.009443
0.040914
0.040914
0.000629
0.000629
0.038047
0.012196
0.002287
0.006299
0.001580
0.013419
0.001568
0.019129
0.012774
0.019441
0.019441
0.016551
0.016551
0.004683
0.004389
0.020599
0.011627
0.021230
0.021230
0.022262
0.026008
0.007265
0.018283
0.012881
0.035952
0.025828
0.016596
0.023215
0.000172
0.008041
0.016085
0.000948
0.032167
0.020623
0.067757
0.067757
0.053670
0.043184
0.001836
0.004124
0.007629
0.006598
0.002161
0.000605
0.024113
0.015163
0.009275
0.021351
0.002758
0.021370
0.001772
0.006844
0.002993
0.003522
0.006661
0.003913
0.028126
0.037170
0.029454
0.004652
0.001157
0.016549
0.011697
0.004213
0.018749
0.004315
0.017823
0.033440
0.033440
0.001543
0.038091
0.013865
0.013865
0.013464
0.031561
0.010983
0.003244
0.001449
0.011439
0.000218
0.004064
0.002110
0.007112
0.002878
0.004984
0.001629
0.018563
0.018563
0.004222
0.004222
0.008817
0.008817
0.027650
0.002364
0.000478
0.001987
0.009815
0.035354
0.017310
0.000378
0.007074
0.004908
0.000758
0.007037
0.007037
0.007416
0.000279
0.002557
0.004302
0.001076
0.001076
0.008718
0.008718
0.005578
0.022971
0.009471
0.003840
0.005180
0.013311
0.026295
0.005790
0.004869
0.011418
0.009492
0.017281
0.014146
0.046270
0.004049
0.026743
0.020338
0.026546
0.000655
0.000655
0.022611
0.022611
0.031027
0.031027
0.006227
0.010739
0.010321
0.002544
0.000596
0.000596
0.004671
0.004671
0.023079
0.011029
0.015142
0.002708
0.002708
0.008392
0.008392
0.000289
0.000289
0.020366
0.020366
0.012033
0.011579
0.000099
0.002647
0.000961
0.016201
0.014724
0.011929
0.007725
0.003292
0.003434
0.005530
0.051043
0.014294
0.003421
0.004544
0.004544
0.004142
0.016944
0.016811
0.017676
0.014294
0.008800
0.008800
0.019666
0.005625
0.005013
0.005013
0.017032
0.006131
0.006131
0.004303
0.001108
0.022891
0.022891
0.009312
0.009312
0.007054
0.005378
0.003051
0.002072
0.042584
0.021710
0.022214
0.006900
0.001782
0.000153
0.026200
0.023761
0.008034
0.017822
0.005545
0.005545
0.013162
0.001222
0.015009
0.005497
0.023205
0.009768
0.010460
0.010460
0.022322
0.014146
0.009657
0.004993
0.004993
0.022166
0.019545
0.003963
0.009040
0.012883
0.003205
0.010495
0.005839
0.001685
0.006344
0.003323
0.034468
0.034468
0.012019
0.012642
0.003736
0.021690
0.000034
0.012017
0.002346
0.007388
0.001846
0.020580
0.011712
0.006054
0.022114
0.009232
0.013767
0.000707
0.021860
0.002861
0.002861
0.031381
0.031381
0.019644
0.012467
0.013935
0.027447
0.020592
0.027341
0.039270
0.035719
0.005605
0.019079
0.012441
0.016868
0.018194
0.034134
0.031874
0.012392
0.013086
0.005491
0.004321
0.010098
0.014833
0.008965
0.007182
0.005699
0.005699
0.015924
0.051580
0.004385
0.006072
0.002560
0.015042
0.009496
0.028156
0.010830
0.006882
0.004902
0.001832
0.028548
0.018347
0.005353
0.025639
0.025639
0.010769
0.010769
0.020794
0.015315
0.021004
0.020737
0.023836
0.083439
0.108130
0.155931
0.148560
0.140306
