0
0
0
0
0
0
0
0
0
0
0
0
0
0
0
0
0
0
0
0
0
0
0
0
0
0
0
0
0
0
0
0
0
0
0
0
0
0
0
0
0
0
0
0
0
0
0
0
0
0
0
0
0
0
0
0
0
0
0
0
0
0
0
0
0
0
0
0
0
0
0
0
0
0
0
0
0
0
0
0
0
0
0
0
0
0
0
0
0
0
0
0
0
0
0
0
0
0
0
0
0
0
0
0
0
0
0
0
0
0
0
0
0
0
0
0
0
0
0
0
0
0
0
0
0
0
0
0
0
0
0
0
0
0
0
0
0
0
0
0
0
0
0
0
0
0
0
0
0
0
0
0
0
0
0
0
0
0
0
0
0
0
0
0
0
0
0
0
0
0
0
0
0
0
0
0
0
0
0
0
0
0
0
0
0
0
0
0
0
0
0
0
0
0
0
0
0
0
0
0
0
0
0
0
0
0
0
0
0
0
0
0
0
0
0
0
0
0
0
0
0
0
0
0
0
0
0
0
0
0
0
0
0
0
0
0
0
0
0
0
0
0
0
0
0
0
0
0
0
0
0
0
0
0
0
0
0
0
0
0
0
0
0
0
0
0
0
0
0
0
0
0
0
0
0
0
0
0
0
0
0
0
0
0
0
0
0
0
0
0
0
0
0
0
0
0
0
0
0
0
0
0
0
0
0
0
0
0
0
0
-nan(ind)
-nan(ind)
-nan(ind)
-nan(ind)
-nan(ind)
-nan(ind)
-nan(ind)
-nan(ind)
-nan(ind)
-nan(ind)
-nan(ind)
-nan(ind)
-nan(ind)
-nan(ind)
-nan(ind)
-nan(ind)
-nan(ind)
-nan(ind)
-nan(ind)
-nan(ind)
-nan(ind)
-nan(ind)
-nan(ind)
-nan(ind)
-nan(ind)
-nan(ind)
-nan(ind)
-nan(ind)
-nan(ind)
-nan(ind)
-nan(ind)
-nan(ind)
-nan(ind)
-nan(ind)
-nan(ind)
-nan(ind)
-nan(ind)
-nan(ind)
-nan(ind)
-nan(ind)
-nan(ind)
-nan(ind)
-nan(ind)
-nan(ind)
-nan(ind)
-nan(ind)
-nan(ind)
-nan(ind)
-nan(ind)
-nan(ind)
-nan(ind)
-nan(ind)
-nan(ind)
-nan(ind)
-nan(ind)
-nan(ind)
-nan(ind)
-nan(ind)
-nan(ind)
-nan(ind)
-nan(ind)
-nan(ind)
-nan(ind)
-nan(ind)
-nan(ind)
-nan(ind)
-nan(ind)
-nan(ind)
-nan(ind)
-nan(ind)
-nan(ind)
-nan(ind)
-nan(ind)
-nan(ind)
-nan(ind)
-nan(ind)
-nan(ind)
-nan(ind)
-nan(ind)
-nan(ind)
-nan(ind)
-nan(ind)
-nan(ind)
-nan(ind)
-nan(ind)
-nan(ind)
-nan(ind)
-nan(ind)
-nan(ind)
-nan(ind)
-nan(ind)
-nan(ind)
-nan(ind)
0.0552713
0.0765657
0.0959111
0.116021
0.130385
0.150393
0.169961
0.188733
0.204337
0.228636
0.244482
0.259615
0.286704
0.306153
0.318724
0.337864
0.353215
0.372951
0.396718
0.412528
0.0570026
0.0526875
0.0495662
0.048396
0.0359529
0.0570026
0.0770313
0.0521349
0.0479638
0.0511612
0.0496696
0.0770313
0.0951386
0.0514053
0.0522868
0.0512613
0.0626024
0.0951386
0.116985
0.0955892
0.0849446
0.0933557
0.0757936
0.116985
0.129989
0.0975911
0.095893
0.0943176
0.0920702
0.129989
0.153306
0.0924626
0.0994073
0.101218
0.103213
0.153306
0.153575
0.130402
0.19103
0.153806
0.106527
0.153575
0.176786
0.14964
0.14011
0.144428
0.132918
0.176786
0.212978
0.146465
0.152707
0.143209
0.136785
0.212978
0.224052
0.198441
0.196927
0.197192
0.150343
0.224052
0.241918
0.20003
0.200454
0.193985
0.158591
0.241918
0.231349
0.225372
0.185215
0.215343
0.170564
0.231349
0.28084
0.256417
0.253306
0.251304
0.186064
0.28084
0.29532
0.244737
0.259443
0.248067
0.188432
0.29532
0.321966
0.258541
0.244066
0.248877
0.208411
0.321966
0.339488
0.297665
0.305091
0.302098
0.221577
0.339488
0.354653
0.295647
0.292416
0.303157
0.235591
0.354653
0.379379
0.302823
0.297981
0.294545
0.251805
0.379379
