0.5
0.5
0.5
0.5
0.5
0.5
0.5
0.5
0.5
0.5
0.5
0.5
0.5
0.5
0.5
0.5
0.5
0.5
0.5
0.5
0.5
0.5
0.5
0.5
0.5
0.5
0.5
0.5
0.5
0.5
0.5
0.5
0.5
0.5
0.5
0.5
0.5
0.5
0.5
0.5
0.5
0.5
0.5
0.5
0.5
0.5
0.5
0.5
0.5
0.5
0.5
0.5
0.5
0.5
0.5
0.5
0.5
0.5
0.5
0.5
0.5
0.5
0.5
0.5
0.5
0.5
0.5
0.5
0.5
0.5
0.5
0.5
0.5
0.5
0.5
0.5
0.5
0.5
0.5
0.5
0.5
0.5
0.5
0.5
0.5
0.5
0.5
0.5
0.5
0.5
0.5
0.5
0.5
0.5
0.5
0.5
0.5
0.5
0.5
0.5
0.5
0.5
0.5
0.5
0.5
0.5
0.5
0.5
0.5
0.5
0.5
0.5
0.5
0.5
0.5
0.5
0.5
0.5
0.5
0.5
0.5
0.5
0.5
0.5
0.5
0.5
0.5
0.5
0.5
0.5
0.5
0.5
0.5
0.5
0.5
0.5
0.5
0.5
0.5
0.5
0.5
0.5
0.5
0.5
0.5
0.5
0.5
0.5
0.5
0.5
0.5
0.5
0.5
0.5
0.5
0.5
0.5
0.5
0.5
0.5
0.5
0.5
0.5
0.5
0.5
0.5
0.5
0.5
0.5
0.5
0.5
0.5
0.5
0.5
0.5
0.5
0.5
0.5
0.5
0.5
0.5
0.5
0.5
0.5
0.5
0.5
0.5
0.5
0.5
0.5
0.5
0.5
0.5
0.5
0.5
0.5
0.5
0.5
0.5
0.5
0.5
0.5
0.5
0.5
0.5
0.5
0.5
0.5
0.5
0.5
0.5
0.5
0.5
0.5
0.5
0.5
0.5
0.5
0.5
0.5
0.5
0.5
0.5
0.5
0.5
0.5
0.5
0.5
0.5
0.5
0.5
0.5
0.5
0.5
0.5
0.5
0.5
0.5
0.5
0.5
0.5
0.5
0.5
0.5
0.5
0.5
0.5
0.5
0.5
0.5
0.5
0.5
0.5
0.5
0.5
0.5
0.5
0.5
0.5
0.5
0.5
0.5
0.5
0.5
0.5
0.5
0.5
0.5
0.5
0.5
0.5
0.5
0.5
0.5
0.5
0.5
0.5
0.5
0.5
0.5
0.5
0.5
0.5
0.5
0.5
0.5
0.5
0.5
0.5
0.5
0.5
0.5
0.5
0.5
0.5
0.5
0.5
0.5
0.5
0.5
0.5
0.5
0.5
0.5
0.5
0.5
0.5
0.5
0.5
0.5
0.943396
0.924528
0.90566
0.886792
0.867925
0.849057
0.830189
0.811321
0.792453
0.773585
0.754717
0.735849
0.716981
0.698113
0.679245
0.660377
0.641509
0.622642
0.603774
0.584906
0.566038
0.54717
0.528302
0.509434
0.490566
0.471698
0.45283
0.433962
0.415094
0.396226
0.377358
0.943396
0.924528
0.90566
0.886792
0.867925
0.849057
0.830189
0.811321
0.792453
0.773585
0.754717
0.735849
0.716981
0.698113
0.679245
0.660377
0.641509
0.622642
0.603774
0.584906
0.566038
0.54717
0.528302
0.509434
0.490566
0.471698
0.45283
0.433962
0.415094
0.396226
0.377358
0.943396
0.924528
0.90566
0.886792
0.867925
0.849057
0.830189
0.811321
0.792453
0.773585
0.754717
0.735849
0.716981
0.698113
0.679245
0.660377
0.641509
0.622642
0.603774
0.584906
0.566038
0.54717
0.528302
0.509434
0.490566
0.471698
0.45283
0.433962
0.415094
0.396226
0.377358
0.943396
0.924528
0.90566
0.886792
0.867925
0.849057
0.830189
0.811321
0.792453
0.773585
0.754717
0.735849
0.716981
0.698113
0.679245
0.660377
0.641509
0.622642
0.603774
0.584906
0.943396
0.95
0.95
0.95
0.9625
0.943396
0.924528
0.95
0.95
0.95
0.95
0.924528
0.90566
0.95
0.95
0.95
0.9375
0.90566
0.886792
0.9
0.9
0.9
0.925
0.886792
0.867925
0.9
0.9
0.9
0.9125
0.867925
0.849057
0.9
0.9
0.9
0.9
0.849057
0.830189
0.85
0.85
0.85
0.8875
0.830189
0.811321
0.85
0.85
0.85
0.875
0.811321
0.792453
0.85
0.85
0.85
0.8625
0.792453
0.773585
0.8
0.8
0.8
0.85
0.773585
0.754717
0.8
0.8
0.8
0.8375
0.754717
0.735849
0.8
0.8
0.8
0.825
0.735849
0.716981
0.75
0.75
0.75
0.8125
0.716981
0.698113
0.75
0.75
0.75
0.8
0.698113
0.679245
0.75
0.75
0.75
0.7875
0.679245
0.660377
0.7
0.7
0.7
0.775
0.660377
0.641509
0.7
0.7
0.7
0.7625
0.641509
0.622642
0.7
0.7
0.7
0.75
0.622642
