2
2
2
2
2
2
2
2
2
2
2
2
2
2
2
2
2
2
2
2
2
2
2
2
2
2
2
2
2
2
2
2
2
2
2
2
2
2
2
2
2
2
2
2
2
2
2
2
2
2
2
2
2
2
2
2
2
2
2
2
2
2
2
2
2
2
2
2
2
2
2
2
2
2
2
2
2
2
2
2
2
2
2
2
2
2
2
2
2
2
2
2
2
2
2
2
2
2
2
2
2
2
2
2
2
2
2
2
2
2
2
2
2
2
2
2
2
2
2
2
2
2
2
2
2
2
2
2
2
2
2
2
2
2
2
2
2
2
2
2
2
2
2
2
2
2
2
2
2
2
2
2
2
2
2
2
2
2
2
2
2
2
2
2
2
2
2
2
2
2
2
2
2
2
2
2
2
2
2
2
2
2
2
2
2
2
2
2
2
2
2
2
2
2
2
2
2
2
2
2
2
2
2
2
2
2
2
2
2
2
2
2
2
2
2
2
2
2
2
2
2
2
2
2
2
2
2
2
2
2
2
2
2
2
2
2
2
2
2
2
2
2
2
2
2
2
2
2
2
2
2
2
2
2
2
2
2
2
2
2
2
2
2
2
2
2
2
2
2
2
2
2
2
2
2
2
2
2
2
2
2
2
2
2
2
2
2
2
2
2
2
2
2
2
2
2
2
2
2
2
2
2
2
2
2
2
2
2
2
2
0.00113208
0.00154024
0.00196541
0.00240867
0.00287121
0.0033543
0.00385935
0.00438789
0.0049416
0.00552232
0.00613208
0.0067731
0.00744786
0.0081591
0.00890985
0.0097035
0.0105438
0.0114351
0.0123821
0.0133901
0.0144654
0.0156148
0.0168464
0.0181691
0.0195936
0.0211321
0.0227987
0.0246103
0.0265866
0.0287511
0.0311321
0.00113208
0.00154024
0.00196541
0.00240867
0.00287121
0.0033543
0.00385935
0.00438789
0.0049416
0.00552232
0.00613208
0.0067731
0.00744786
0.0081591
0.00890985
0.0097035
0.0105438
0.0114351
0.0123821
0.0133901
0.0144654
0.0156148
0.0168464
0.0181691
0.0195936
0.0211321
0.0227987
0.0246103
0.0265866
0.0287511
0.0311321
0.00113208
0.00154024
0.00196541
0.00240867
0.00287121
0.0033543
0.00385935
0.00438789
0.0049416
0.00552232
0.00613208
0.0067731
0.00744786
0.0081591
0.00890985
0.0097035
0.0105438
0.0114351
0.0123821
0.0133901
0.0144654
0.0156148
0.0168464
0.0181691
0.0195936
0.0211321
0.0227987
0.0246103
0.0265866
0.0287511
0.0311321
0.00113208
0.00154024
0.00196541
0.00240867
0.00287121
0.0033543
0.00385935
0.00438789
0.0049416
0.00552232
0.00613208
0.0067731
0.00744786
0.0081591
0.00890985
0.0097035
0.0105438
0.0114351
0.0123821
0.0133901
0.00113208
0.00263158
0.00263158
0.00263158
0.000487013
0.00113208
0.00154024
0.00263158
0.00263158
0.00263158
0.000657895
0.00154024
0.00196541
0.00263158
0.00263158
0.00263158
0.000833333
0.00196541
0.00240867
0.00555556
0.00555556
0.00555556
0.00101351
0.00240867
0.00287121
0.00555556
0.00555556
0.00555556
0.00119863
0.00287121
0.0033543
0.00555556
0.00555556
0.00555556
0.00138889
0.0033543
0.00385935
0.00882353
0.00882353
0.00882353
0.00158451
0.00385935
0.00438789
0.00882353
0.00882353
0.00882353
0.00178571
0.00438789
0.0049416
0.00882353
0.00882353
0.00882353
0.00199275
0.0049416
0.00552232
0.0125
0.0125
0.0125
0.00220588
0.00552232
0.00613208
0.0125
0.0125
0.0125
0.00242537
0.00613208
0.0067731
0.0125
0.0125
0.0125
0.00265152
0.0067731
0.00744786
0.0166667
0.0166667
0.0166667
0.00288462
0.00744786
0.0081591
0.0166667
0.0166667
0.0166667
0.003125
0.0081591
0.00890985
0.0166667
0.0166667
0.0166667
0.00337302
0.00890985
0.0097035
0.0214286
0.0214286
0.0214286
0.00362903
0.0097035
0.0105438
0.0214286
0.0214286
0.0214286
0.00389344
0.0105438
0.0114351
0.0214286
0.0214286
0.0214286
0.00416667
0.0114351
