0.001
0.001
0.001
0.001
0.001
0.001
0.001
0.001
0.001
0.001
0.001
0.001
0.001
0.001
0.001
0.001
0.001
0.001
0.001
0.001
0.001
0.001
0.001
0.001
0.001
0.001
0.001
0.001
0.001
0.001
0.001
0.001
0.001
0.001
0.001
0.001
0.001
0.001
0.001
0.001
0.001
0.001
0.001
0.001
0.001
0.001
0.001
0.001
0.001
0.001
0.001
0.001
0.001
0.001
0.001
0.001
0.001
0.001
0.001
0.001
0.001
0.001
0.001
0.001
0.001
0.001
0.001
0.001
0.001
0.001
0.001
0.001
0.001
0.001
0.001
0.001
0.001
0.001
0.001
0.001
0.001
0.001
0.001
0.001
0.001
0.001
0.001
0.001
0.001
0.001
0.001
0.001
0.001
0.001
0.001
0.001
0.001
0.001
0.001
0.001
0.001
0.001
0.001
0.001
0.001
0.001
0.001
0.001
0.001
0.001
0.001
0.001
0.001
0.001
0.001
0.001
0.001
0.001
0.001
0.001
0.001
0.001
0.001
0.001
0.001
0.001
0.001
0.001
0.001
0.001
0.001
0.001
0.001
0.001
0.001
0.001
0.001
0.001
0.001
0.001
0.001
0.001
0.001
0.001
0.001
0.001
0.001
0.001
0.001
0.001
0.001
0.001
0.001
0.001
0.001
0.001
0.001
0.001
0.001
0.001
0.001
0.001
0.001
0.001
0.001
0.001
0.001
0.001
0.001
0.001
0.001
0.001
0.001
0.001
0.001
0.001
0.001
0.001
0.001
0.001
0.001
0.001
0.001
0.001
0.001
0.001
0.001
0.001
0.001
0.001
0.001
0.001
0.001
0.001
0.001
0.001
0.001
0.001
0.001
0.001
0.001
0.001
0.001
0.001
0.001
0.001
0.001
0.001
0.001
0.001
0.001
0.001
0.001
0.001
0.001
0.001
0.001
0.001
0.001
0.001
0.001
0.001
0.001
0.001
0.001
0.001
0.001
0.001
0.001
0.001
0.001
0.001
0.001
0.001
0.001
0.001
0.001
0.001
0.001
0.001
0.001
0.001
0.001
0.001
0.001
0.001
0.001
0.001
0.001
0.001
0.001
0.001
0.001
0.001
0.001
0.001
0.001
0.001
0.001
0.001
0.001
0.001
0.001
0.001
0.001
0.001
0.001
0.001
0.001
0.001
0.001
0.001
0.001
0.001
0.001
0.001
0.001
0.001
0.001
0.001
0.001
0.001
0.001
0.001
0.001
0.001
0.001
0.001
0.001
0.001
0.001
0.001
0.001
0.001
0.001
0.001
0.001
0.001
0.001
0.001
0.001
0.001
0.001
0.001
0.001
0.001
0.001
0.001
0.001
0.001
0.02
0.0204082
0.0208333
0.0212766
0.0217391
0.0222222
0.0227273
0.0232558
0.0238095
0.0243902
0.025
0.025641
0.0263158
0.027027
0.0277778
0.0285714
0.0294118
0.030303
0.03125
0.0322581
0.0333333
0.0344828
0.0357143
0.037037
0.0384615
0.04
0.0416667
0.0434783
0.0454545
0.047619
0.05
0.02
0.0204082
0.0208333
0.0212766
0.0217391
0.0222222
0.0227273
0.0232558
0.0238095
0.0243902
0.025
0.025641
0.0263158
0.027027
0.0277778
0.0285714
0.0294118
0.030303
0.03125
0.0322581
0.0333333
0.0344828
0.0357143
0.037037
0.0384615
0.04
0.0416667
0.0434783
0.0454545
0.047619
0.05
0.02
0.0204082
0.0208333
0.0212766
0.0217391
0.0222222
0.0227273
0.0232558
0.0238095
0.0243902
0.025
0.025641
0.0263158
0.027027
0.0277778
0.0285714
0.0294118
0.030303
0.03125
0.0322581
0.0333333
0.0344828
0.0357143
0.037037
0.0384615
0.04
0.0416667
0.0434783
0.0454545
0.047619
0.05
0.02
0.0204082
0.0208333
0.0212766
0.0217391
0.0222222
0.0227273
0.0232558
0.0238095
0.0243902
0.025
0.025641
0.0263158
0.027027
0.0277778
0.0285714
0.0294118
0.030303
0.03125
0.0322581
0.02
0.0526316
0.0526316
0.0526316
0.012987
0.02
0.0204082
0.0526316
0.0526316
0.0526316
0.0131579
0.0204082
0.0208333
0.0526316
0.0526316
0.0526316
0.0133333
0.0208333
0.0212766
0.0555556
0.0555556
0.0555556
0.0135135
0.0212766
0.0217391
0.0555556
0.0555556
0.0555556
0.0136986
0.0217391
0.0222222
0.0555556
0.0555556
0.0555556
0.0138889
0.0222222
0.0227273
0.0588235
0.0588235
0.0588235
0.0140845
0.0227273
0.0232558
0.0588235
0.0588235
0.0588235
0.0142857
0.0232558
0.0238095
0.0588235
0.0588235
0.0588235
0.0144928
0.0238095
0.0243902
0.0625
0.0625
0.0625
0.0147059
0.0243902
0.025
0.0625
0.0625
0.0625
0.0149254
0.025
0.025641
0.0625
0.0625
0.0625
0.0151515
0.025641
0.0263158
0.0666667
0.0666667
0.0666667
0.0153846
0.0263158
0.027027
0.0666667
0.0666667
0.0666667
0.015625
0.027027
0.0277778
0.0666667
0.0666667
0.0666667
0.015873
0.0277778
0.0285714
0.0714286
0.0714286
0.0714286
0.016129
0.0285714
0.0294118
0.0714286
0.0714286
0.0714286
0.0163934
0.0294118
0.030303
0.0714286
0.0714286
0.0714286
0.0166667
0.030303
