20
20
20
20
20
20
20
20
20
20
20
20
20
20
20
20
20
20
20
20
20
20
20
20
20
20
20
20
20
20
20
20
20
20
20
20
20
20
20
20
20
20
20
20
20
20
20
20
20
20
20
20
20
20
20
20
20
20
20
20
20
20
20
20
20
20
20
20
20
20
20
20
20
20
20
20
20
20
20
20
20
20
20
20
20
20
20
20
20
20
20
20
20
20
20
20
20
20
20
20
20
20
20
20
20
20
20
20
20
20
20
20
20
20
20
20
20
20
20
20
20
20
20
20
20
20
20
20
20
20
20
20
20
20
20
20
20
20
20
20
20
20
20
20
20
20
20
20
20
20
20
20
20
20
20
20
20
20
20
20
20
20
20
20
20
20
20
20
20
20
20
20
20
20
20
20
20
20
20
20
20
20
20
20
20
20
20
20
20
20
20
20
20
20
20
20
20
20
20
20
20
20
20
20
20
20
20
20
20
20
20
20
20
20
20
20
20
20
20
20
20
20
20
20
20
20
20
20
20
20
20
20
20
20
20
20
20
20
20
20
20
20
20
20
20
20
20
20
20
20
20
20
20
20
20
20
20
20
20
20
20
20
20
20
20
20
20
20
20
20
20
20
20
20
20
20
20
20
20
20
20
20
20
20
20
20
20
20
20
20
20
20
20
20
20
20
20
20
20
20
20
20
20
20
20
20
20
20
20
20
0.06
0.0816327
0.104167
0.12766
0.152174
0.177778
0.204545
0.232558
0.261905
0.292683
0.325
0.358974
0.394737
0.432432
0.472222
0.514286
0.558824
0.606061
0.65625
0.709677
0.766667
0.827586
0.892857
0.962963
1.03846
1.12
1.20833
1.30435
1.40909
1.52381
1.65
0.06
0.0816327
0.104167
0.12766
0.152174
0.177778
0.204545
0.232558
0.261905
0.292683
0.325
0.358974
0.394737
0.432432
0.472222
0.514286
0.558824
0.606061
0.65625
0.709677
0.766667
0.827586
0.892857
0.962963
1.03846
1.12
1.20833
1.30435
1.40909
1.52381
1.65
0.06
0.0816327
0.104167
0.12766
0.152174
0.177778
0.204545
0.232558
0.261905
0.292683
0.325
0.358974
0.394737
0.432432
0.472222
0.514286
0.558824
0.606061
0.65625
0.709677
0.766667
0.827586
0.892857
0.962963
1.03846
1.12
1.20833
1.30435
1.40909
1.52381
1.65
0.06
0.0816327
0.104167
0.12766
0.152174
0.177778
0.204545
0.232558
0.261905
0.292683
0.325
0.358974
0.394737
0.432432
0.472222
0.514286
0.558824
0.606061
0.65625
0.709677
0.06
0.0526316
0.0526316
0.0526316
0.038961
0.06
0.0816327
0.0526316
0.0526316
0.0526316
0.0526316
0.0816327
0.104167
0.0526316
0.0526316
0.0526316
0.0666667
0.104167
0.12766
0.111111
0.111111
0.111111
0.0810811
0.12766
0.152174
0.111111
0.111111
0.111111
0.0958904
0.152174
0.177778
0.111111
0.111111
0.111111
0.111111
0.177778
0.204545
0.176471
0.176471
0.176471
0.126761
0.204545
0.232558
0.176471
0.176471
0.176471
0.142857
0.232558
0.261905
0.176471
0.176471
0.176471
0.15942
0.261905
0.292683
0.25
0.25
0.25
0.176471
0.292683
0.325
0.25
0.25
0.25
0.19403
0.325
0.358974
0.25
0.25
0.25
0.212121
0.358974
0.394737
0.333333
0.333333
0.333333
0.230769
0.394737
0.432432
0.333333
0.333333
0.333333
0.25
0.432432
0.472222
0.333333
0.333333
0.333333
0.269841
0.472222
0.514286
0.428571
0.428571
0.428571
0.290323
0.514286
0.558824
0.428571
0.428571
0.428571
0.311475
0.558824
0.606061
0.428571
0.428571
0.428571
0.333333
0.606061
